0.000000000000000000e+00 1.327117176439216673e+00 4.405559215355069114e+00 7.715013998691124364e+00 1.094953131417048198e+01 1.443037830411939915e+01 1.644909456474732323e+01 2.735108308641543218e+01 2.914625838765586963e+01 2.688598525254375105e+01 2.593189412673127592e+01 2.170623573998956246e+01 2.254453496969942350e+01 1.900425368174188279e+01 2.333709517056482241e+01 2.319893383326053282e+01 2.075834622507294114e+01 2.589746848632120546e+01 2.307693344012588099e+01 2.728003352270668103e+01 2.373760042632784817e+01 2.911089126083226120e+01 2.434414822909193177e+01 2.951938310669787668e+01 2.885474993826839807e+01 2.577291603602509795e+01 2.359099855877237317e+01 2.099894787840571553e+01 2.005060413054927793e+01 1.641448400041865696e+01 1.245990553736263351e+01 9.934040165008392265e+00 5.617632775466902650e+00 6.256509330289532933e+00 7.525804342394239121e+00 4.281127888769500345e+00 6.989719021534410714e+00 9.591137732302668084e+00 4.585539880973666271e+00 8.682574560578219192e+00 1.077116901733512044e+01 9.061833809996738154e+00 1.248192140657839744e+01 1.076526367535881690e+01 1.414512658126466071e+01 1.763535732555481772e+01 2.032065222870565790e+01 2.327958180466307070e+01 2.630600237588372536e+01 2.542860269460356903e+01 2.534790926289582558e+01 2.179389632442992664e+01 2.396426548008513890e+01 2.675017794333339438e+01 2.515719843305291192e+01 2.601937858596934916e+01 2.302747621863933247e+01 2.044050473936492907e+01 1.672220753967609852e+01 1.386312886761138330e+01 1.386718608802809705e+01 1.386629824430442959e+01 1.360072619384715509e+01 1.500970422759888834e+01 1.741392678289420104e+01 1.938657672205177818e+01 1.963538502296301047e+01 2.420730065496771033e+01 2.455829609317389028e+01 2.074440688474847860e+01 1.885572321604238866e+01 1.444144210250486005e+01 1.348271675145628912e+01 1.421367809541217575e+01 1.162398817101944459e+01 1.153586953809724491e+01 8.586829566260178126e+00 1.067438241773265517e+01 1.462094559185553777e+01 1.377722094618505011e+01 1.485383149224468546e+01 1.733814047122701041e+01 1.909900793235082617e+01 1.638466932836912449e+01 1.786832378820128753e+01 2.250174582115796795e+01 2.392565712786170806e+01 2.673847791105544047e+01 2.915267570910086903e+01 2.814151548868681729e+01 2.349347922296738744e+01 2.409278643079708360e+01 2.042040281189379058e+01 1.977635836042621875e+01 1.953953420632129578e+01 1.678421428009068350e+01 1.720870483214817881e+01 1.306104655071713516e+01 1.290444396322445364e+01 1.140767609988993314e+01 8.484772831372682234e+00 8.476919310693009635e+00 9.246018440388274584e+00 5.926067414398860755e+00 3.822254570276551355e+00 7.757043831254275545e+00 9.929493189483544313e+00
1.327117176439216673e+00 0.000000000000000000e+00 1.355752927343322201e+00 3.678952432418773899e+00 7.138024936913569540e+00 1.040100427843388076e+01 1.329853961907095794e+01 2.911157189160351777e+01 3.117378754659112161e+01 2.888260170067786703e+01 2.804763792193559979e+01 2.348167353490802611e+01 2.455365848504047577e+01 2.167102411054908728e+01 2.522490628327486561e+01 2.497396862735276457e+01 2.224370351357884346e+01 2.663333463913221522e+01 2.349429226429262130e+01 2.673817834109122771e+01 2.219286254632330824e+01 2.711276603373400107e+01 2.114940947166137519e+01 2.622658973255958514e+01 2.507641182466104013e+01 2.220720840177801492e+01 1.987751234435537029e+01 1.857945806529350463e+01 1.691400183280111946e+01 1.333540284355894556e+01 8.552459178505326776e+00 7.182286961685670157e+00 5.179597667773045089e+00 6.460136918053667188e+00 8.088805906930884859e+00 3.814808252061956839e+00 9.051719726107299024e+00 1.099994522713635980e+01 6.085435481541151326e+00 9.973043818213174205e+00 1.088763720923873635e+01 1.062300211804553562e+01 1.214172533044624558e+01 9.080759274421932759e+00 1.236477423975059686e+01 1.543521843058917753e+01 1.733869998010231583e+01 2.005654788342200590e+01 2.316559744534985654e+01 2.212272743130917974e+01 2.234583542855357408e+01 1.975346827774809100e+01 2.179265816737371253e+01 2.457414230446304160e+01 2.403918469915316791e+01 2.544320333605814000e+01 2.321040411108776169e+01 2.000277615732376191e+01 1.701607460608938638e+01 1.307564514660748856e+01 1.506618644514928462e+01 1.497246903486528957e+01 1.530618933634364787e+01 1.527660829503721374e+01 1.859532979003061470e+01 2.013429027803065452e+01 1.894885898939563873e+01 2.367616694061772975e+01 2.471199516429217269e+01 2.089247216104403293e+01 1.937120837738316936e+01 1.527235299487279185e+01 1.491365230250457508e+01 1.494943734727163331e+01 1.204578884922029580e+01 1.113038723495278326e+01 6.444284056433265739e+00 8.776482552822624683e+00 1.306852172206175311e+01 1.266558095785581983e+01 1.214429075738883945e+01 1.491142504927010393e+01 1.712961931859548770e+01 1.476514466573219408e+01 1.411433721433635213e+01 1.978594665412802911e+01 2.194510893114910033e+01 2.431580039809505678e+01 2.671796573468870406e+01 2.649704628821861974e+01 2.196628621319498720e+01 2.373183486374367845e+01 1.998707509867313448e+01 2.065467913088944130e+01 2.040998561978914694e+01 1.861951086897827068e+01 1.936505393744102221e+01 1.547358138893514123e+01 1.540690007756265167e+01 1.432793565033009031e+01 1.129490495754612134e+01 1.067582554184921051e+01 1.161078309159205979e+01 8.475685282028821987e+00 5.801022409886037678e+00 9.307749620611847519e+00 1.080647250493888301e+01
4.405559215355069114e+00 1.355752927343322201e+00 0.000000000000000000e+00 1.308626761150788242e+00 4.490299433222689096e+00 7.975366637340251863e+00 1.027248606716017498e+01 2.777622585953678325e+01 2.974625120918600274e+01 2.719353287088678073e+01 2.636608950906447291e+01 2.163022979535816148e+01 2.247976025228027552e+01 2.110498071546145127e+01 2.288435629420237660e+01 2.252801871004195178e+01 1.940111228770144791e+01 2.335385578443097288e+01 2.027713009772340058e+01 2.340675152600206488e+01 1.902559870280039078e+01 2.394677978351160519e+01 1.818520973208721969e+01 2.332639215566779001e+01 2.243858990667640185e+01 1.949662432320015171e+01 1.726933287651842619e+01 1.536852862182973745e+01 1.439172171770979602e+01 1.063586522103397236e+01 6.778437135505501310e+00 3.999106150129049464e+00 3.427556709961191661e+00 4.216011859565861997e+00 5.664677748998614426e+00 3.115291639638255727e+00 7.932261279105728313e+00 9.880901983118750564e+00 6.980968772312334814e+00 8.605866255061139114e+00 8.300404447977216549e+00 7.580710388875173678e+00 9.601458847487711168e+00 7.031570166043997538e+00 1.034247310849779744e+01 1.341970379702920191e+01 1.530764472412396060e+01 1.835020776449138680e+01 2.122935959938499906e+01 1.980763516929771839e+01 1.976235297225510124e+01 1.691394646438258320e+01 1.921436899822630551e+01 2.201798991733805622e+01 2.109918986596404622e+01 2.273405889848973160e+01 2.027095668684632912e+01 1.688581931681137149e+01 1.447275125883120062e+01 1.220818319816671149e+01 1.287600893134204583e+01 1.219164053767990907e+01 1.327865403570708480e+01 1.190482931419009915e+01 1.569663862105514696e+01 1.714314023159117184e+01 1.564616774165482305e+01 2.040231979457238154e+01 2.095895028382862435e+01 1.654622062587103315e+01 1.564061411837783133e+01 1.311306470661988222e+01 1.384806538834937939e+01 1.188509410985036752e+01 9.261357459897553213e+00 6.431543671623476399e+00 3.353070980459555539e+00 7.837703745358070018e-01 6.704281467838294262e+00 8.554790996862518426e+00 8.176854774300446493e+00 9.144020559906891776e+00 1.203642820773671218e+01 1.134312359978502371e+01 1.090227783538835027e+01 1.423795606820024240e+01 1.768305352590440194e+01 2.033709008191682699e+01 2.354859505363323180e+01 2.315056094352791760e+01 1.857643921746038274e+01 2.037615464213009986e+01 1.659673561276433063e+01 1.757713725269277205e+01 1.733232889717939784e+01 1.644850014439006713e+01 1.745704459523432917e+01 1.466399079377779380e+01 1.523176585297975016e+01 1.513851845459125123e+01 1.185842843719183470e+01 9.314086535994819727e+00 1.276396114064908716e+01 1.072196758995287880e+01 6.426417820216793864e+00 1.000589436282434264e+01 1.205600041473124584e+01
7.715013998691124364e+00 3.678952432418773899e+00 1.308626761150788242e+00 0.000000000000000000e+00 1.321909603565991853e+00 4.419662091155833750e+00 7.545170110739713110e+00 2.368934802817502927e+01 2.557443938779499604e+01 2.363196671883235567e+01 2.332646619186026626e+01 1.812752476208487096e+01 2.036504763068331414e+01 1.999513793400785389e+01 2.159496596431677418e+01 2.180933788541046425e+01 1.685372736221872003e+01 2.166567063351605782e+01 1.830165099109913740e+01 2.120891890219772336e+01 1.630780150725412625e+01 2.141795373045707152e+01 1.529048370719513272e+01 2.029716546712865366e+01 1.896994681067925725e+01 1.620316641894417131e+01 1.389736572160350470e+01 1.298460049443184694e+01 1.027856867467449575e+01 7.141844229609043637e+00 2.683838109871758082e+00 3.325104660006959367e+00 2.771067303404953108e+00 6.107695719336383000e+00 8.877559349280632617e+00 5.888248211480219929e+00 1.248420902580535952e+01 1.374624741520390536e+01 9.253173185453736238e+00 1.037338425972931866e+01 9.307480271265685445e+00 6.922456355947647744e+00 6.623411507674878962e+00 2.543977004613052095e+00 4.862758270775960234e+00 7.989142256838335676e+00 9.970537147014701063e+00 1.268055223560866374e+01 1.583201001136621144e+01 1.522410151700256442e+01 1.593706908437056491e+01 1.312174260530971104e+01 1.469581518664412556e+01 1.742330049100916511e+01 1.746195925433340079e+01 1.858779882073183387e+01 1.701460748886086449e+01 1.379662415230624894e+01 1.113214952289089865e+01 7.226023664505953015e+00 9.939636914897850062e+00 1.100379111942788590e+01 1.315505017094195495e+01 1.129626814483437691e+01 1.622996811457126398e+01 1.750990356912339152e+01 1.504108579857185823e+01 1.966903358073293973e+01 2.158612999126985343e+01 1.819241660692718554e+01 1.785076673423300875e+01 1.357226989121569360e+01 1.556891267879680818e+01 1.534392977695088156e+01 1.210479681779087180e+01 1.017994444975020230e+01 3.777839329563922988e+00 8.058281516551774715e+00 1.083007751588140799e+01 9.991425423832177799e+00 7.397988577985233682e+00 1.051586506189576298e+01 1.290473978815535538e+01 1.019029607028176621e+01 8.258325919942860693e+00 1.471653145275747221e+01 1.666755065989001139e+01 1.886630525566677363e+01 2.107323363890790446e+01 2.121446367457825133e+01 1.691987473357885463e+01 1.964975585090054011e+01 1.522687837345526951e+01 1.746293039555503412e+01 1.601663738117336422e+01 1.567910498083356785e+01 1.469607624503901633e+01 1.387490417984931312e+01 1.348616227842450321e+01 1.416299519875651036e+01 1.163373237615512679e+01 6.159024679281612791e+00 1.067456570545144068e+01 9.768024006932005676e+00 6.365929704293003866e+00 7.161718857927892756e+00 8.534686168805508899e+00
1.094953131417048198e+01 7.138024936913569540e+00 4.490299433222689096e+00 1.321909603565991853e+00 0.000000000000000000e+00 1.327390296785389223e+00 3.741782596570778718e+00 2.690263587457556227e+01 2.876851466447303096e+01 2.625867492848792040e+01 2.554611228739120676e+01 2.070275145964902563e+01 2.143085590917917571e+01 2.208916734510379953e+01 2.147425791500138814e+01 2.103231183203596544e+01 1.663112882518802493e+01 1.943517620192829654e+01 1.618006545104190508e+01 1.791305744422207624e+01 1.328092880788086561e+01 1.754443313418818207e+01 1.148167256979574269e+01 1.631626296061693182e+01 1.513627127135345951e+01 1.251030842945128185e+01 1.023323189417693335e+01 9.000667641903014271e+00 7.998098023905424903e+00 4.041407056954296806e+00 3.296195685938563269e+00 2.926145758502127325e+00 5.405803363053451882e+00 7.314502922277085872e+00 9.752472250665466191e+00 8.385545659049263634e+00 1.389571588656014178e+01 1.466944514969806157e+01 1.115448649647306922e+01 1.096895450806502481e+01 8.024511324685134284e+00 7.130271102840339381e+00 7.984810642714077034e+00 6.118383201467522348e+00 7.303785456870977022e+00 9.442098601476260455e+00 1.000886432119049196e+01 1.312267126007505702e+01 1.532124746879312482e+01 1.330311876967201457e+01 1.291793269064365468e+01 1.109388169217609921e+01 1.346189890022949243e+01 1.613885652702818163e+01 1.586935194013920203e+01 1.770282313643786409e+01 1.640238122956542099e+01 1.209704120849391629e+01 1.229069961393573429e+01 1.178070957115911455e+01 1.233970680364813255e+01 1.131853722881185575e+01 1.288480096858310198e+01 8.659772110165482317e+00 1.430936399704752660e+01 1.455396660708000844e+01 1.202132891988235919e+01 1.648780995159757268e+01 1.866872944257320910e+01 1.575957572398445272e+01 1.591774010341920409e+01 1.133135406736546891e+01 1.538514748060609527e+01 1.447224896137431571e+01 1.141776935307418306e+01 8.585166451502265872e+00 2.715444714959224459e+00 5.917429002531423343e+00 8.046010067107795649e+00 7.360275130727115922e+00 3.924201065185117798e+00 6.762220715120147219e+00 9.252265128064589561e+00 7.095796854476597026e+00 4.085707405089115341e+00 1.028984669467918245e+01 1.252091817719451861e+01 1.470571518152041257e+01 1.711917226386835722e+01 1.736459438052038351e+01 1.311991440520859697e+01 1.623477939486705779e+01 1.175660499464024156e+01 1.525463804880338436e+01 1.474998755931678218e+01 1.601788653349748159e+01 1.696653476700531016e+01 1.642940251500339599e+01 1.757885428576049236e+01 1.823252939117334748e+01 1.509015513505411299e+01 1.088709975154081100e+01 1.566365707617476843e+01 1.465138611190081086e+01 1.038299229509489408e+01 1.308839833593094681e+01 1.489573257681541385e+01
1.443037830411939915e+01 1.040100427843388076e+01 7.975366637340251863e+00 4.419662091155833750e+00 1.327390296785389223e+00 0.000000000000000000e+00 1.328338059380965941e+00 2.753612095048974240e+01 2.955412549881995687e+01 2.730719548031251165e+01 2.678181138384780624e+01 2.194886493648361991e+01 2.291483565291272484e+01 2.393639688842078428e+01 2.287197590939619474e+01 2.233995098472689378e+01 1.763625751116148876e+01 1.952515764340969540e+01 1.588268960220528747e+01 1.688250994372578617e+01 1.238930897992297098e+01 1.539351139279144753e+01 8.911905632354953255e+00 1.362603852922778103e+01 1.209531657295500651e+01 9.387687894258098353e+00 7.186092540456185063e+00 6.882240114962566935e+00 6.531231660261330951e+00 3.647103096979847692e+00 2.461918560797654365e+00 5.065893307206536633e+00 7.806168842652585482e+00 1.042905110736350771e+01 1.278895527398543841e+01 1.201958310425115961e+01 1.763189422608926549e+01 1.814007720490737086e+01 1.446809209951332953e+01 1.357479358959096771e+01 1.015050944534312549e+01 9.319141162145790247e+00 9.625028883073545316e+00 7.588444438750274301e+00 6.749318039624449206e+00 9.307708740608504172e+00 7.746873433844139178e+00 1.101024291285164836e+01 1.300988247448837853e+01 1.118858369053026713e+01 1.067701016202569875e+01 1.035685714876863628e+01 1.255443574996503209e+01 1.496788752630110331e+01 1.534789229829294577e+01 1.717870152252491422e+01 1.674361493226597020e+01 1.215129379942728605e+01 1.351720899446331892e+01 1.271092891963447613e+01 1.396469999677759155e+01 1.329701699630409628e+01 1.478312554908467646e+01 9.890765389998895429e+00 1.576998760303888147e+01 1.505619370890265962e+01 1.222571822021103394e+01 1.552862331309507482e+01 1.859181933001716658e+01 1.652447427302908523e+01 1.747804983400608592e+01 1.225012187694473909e+01 1.733681741266257248e+01 1.754268331812439641e+01 1.435987566102157764e+01 1.211220743712722303e+01 6.518401184339605692e+00 9.235992962318666955e+00 1.098066455183837675e+01 8.705624733469731424e+00 5.948261258552784092e+00 8.050627863713481602e+00 9.994783539426949304e+00 7.495601977159670248e+00 3.395731732631422251e+00 9.541760686581900686e+00 1.149593049735426753e+01 1.309743822279762071e+01 1.496483645082697578e+01 1.576546456657716355e+01 1.206541474629032606e+01 1.567851813788534976e+01 1.157052894210113259e+01 1.629168066836567874e+01 1.586043208743065414e+01 1.794868605218777446e+01 1.854593437926490651e+01 1.854166327490605326e+01 1.955337239455127829e+01 2.066724127695808022e+01 1.771607941955555887e+01 1.265576248196843778e+01 1.793671198965964209e+01 1.752973853199185328e+01 1.349311042717726572e+01 1.423494731286350756e+01 1.713202886408962655e+01
1.644909456474732323e+01 1.329853961907095794e+01 1.027248606716017498e+01 7.545170110739713110e+00 3.741782596570778718e+00 1.328338059380965941e+00 0.000000000000000000e+00 2.636634284461916522e+01 2.817736165789834857e+01 2.534151575971729642e+01 2.442246115771299486e+01 1.952205419519165019e+01 1.981897376253372300e+01 2.053568649936008583e+01 1.918272944604077779e+01 1.846319587720392263e+01 1.414266297413609585e+01 1.544160619883825625e+01 1.205965861871719724e+01 1.296769701990295687e+01 8.836072883357177332e+00 1.092512613199500393e+01 4.505757871879043641e+00 9.459265510598587667e+00 8.759584750431955058e+00 5.398430420038773825e+00 3.611187893200798804e+00 2.745228770066350688e+00 2.900436691258744482e+00 2.862719336574929496e+00 4.801668147633693096e+00 4.513112673089381133e+00 8.277014800035091824e+00 1.054001944969742333e+01 1.205701327029210468e+01 1.313930112296692521e+01 1.720414176877184076e+01 1.696714475095912888e+01 1.462401726612766240e+01 1.240531253133108081e+01 7.803020568984805116e+00 8.285389912369844012e+00 7.443977565791018769e+00 8.775367798559781107e+00 7.492331412851413575e+00 8.487569381159723036e+00 6.828295614573233863e+00 1.025879554333743293e+01 1.043092637305046999e+01 8.129736773106488457e+00 7.020011680901960816e+00 7.217052168302510395e+00 9.355219452262998558e+00 1.155959251011903177e+01 1.213014534125621502e+01 1.396669875095757263e+01 1.340669646109734359e+01 8.537595328896776081e+00 1.140430493278744351e+01 1.207240663662386382e+01 1.266232008756689176e+01 1.072686221595112599e+01 1.146558650920222178e+01 6.253413387902639009e+00 1.210393844994264256e+01 1.104721005503199294e+01 8.416941309050454123e+00 1.204363412762111452e+01 1.481143980172082664e+01 1.306848227607169299e+01 1.418005222134248733e+01 8.960266792902986666e+00 1.429706742657388396e+01 1.493647542092845626e+01 1.146122894806660497e+01 9.952372028818052385e+00 7.292100246156794974e+00 7.600471959029911240e+00 8.448114700925881237e+00 5.644462241879200093e+00 4.222275926559039938e+00 6.061792721629464253e+00 7.329535455948076539e+00 4.245281027211268210e+00 4.243966305238532577e+00 7.682879928776710443e+00 8.697120730448672177e+00 8.924464857906054149e+00 1.037611516898303954e+01 1.145704407777154898e+01 8.072391095580051967e+00 1.177934293583474634e+01 7.419195306770132170e+00 1.232270976693031983e+01 1.204051996385537748e+01 1.433827744186866759e+01 1.628880468297167639e+01 1.667815859140330659e+01 1.819669469986239108e+01 2.003444748427068234e+01 1.764427980961535170e+01 1.301540091583812675e+01 1.804199636958171737e+01 1.884716331440887771e+01 1.446500473556783994e+01 1.578423580665215553e+01 1.928632562205667966e+01
2.735108308641543218e+01 2.911157189160351777e+01 2.777622585953678325e+01 2.368934802817502927e+01 2.690263587457556227e+01 2.753612095048974240e+01 2.636634284461916522e+01 0.000000000000000000e+00 1.328359514589330104e+00 3.377978389510510215e+00 6.083480664882566558e+00 7.132994953033402474e+00 1.048671812341688003e+01 1.169997303415695988e+01 1.492761933464275259e+01 1.931103034537515839e+01 1.583795274017447063e+01 2.113204081483849350e+01 1.955775582729265949e+01 2.340069016076235187e+01 2.267256979259298788e+01 2.661636179119903645e+01 2.826520979932751132e+01 3.123438440244980541e+01 3.356141252986828505e+01 2.953661285591156371e+01 2.750651132004929167e+01 2.388183062497513021e+01 2.176664110514068184e+01 2.150715088057923197e+01 2.228696051506351239e+01 2.444190718826990505e+01 2.247948228941227100e+01 2.595407580708664597e+01 2.808344474953170788e+01 2.996282675249449667e+01 3.089814146514317983e+01 2.875748566895235925e+01 2.508178835330527789e+01 2.543073268704619849e+01 2.289500441144312148e+01 1.984771727428623223e+01 1.821189943416117174e+01 1.876963649088602182e+01 1.907004313052280509e+01 1.632319414207893615e+01 2.021663864246477971e+01 1.983171049102926276e+01 2.070689677378046767e+01 2.175884383417464463e+01 2.165227403761554115e+01 1.856221425369290401e+01 1.644556006951420457e+01 1.904620497632008735e+01 1.747568399233631808e+01 1.374340492745520770e+01 1.570604631980945420e+01 1.468697147134152914e+01 8.349472498307905610e+00 1.346116332268501026e+01 1.538459963729963675e+01 1.527015477983114700e+01 1.883542919606559352e+01 2.204596688739234978e+01 2.305364331293429814e+01 2.632966606320711023e+01 2.792344115613260414e+01 3.003848025450022874e+01 3.132806304258212649e+01 3.058184132782066911e+01 2.973406566549553176e+01 2.830803546698358275e+01 2.696373788998847587e+01 2.995962871932828619e+01 3.089899368911551036e+01 3.196767612761366095e+01 2.868938861321377587e+01 3.326819454073214644e+01 3.342703715557213684e+01 2.979260597866524662e+01 3.116529654920678283e+01 3.335408634635342651e+01 3.216428617271025558e+01 2.720480174528019290e+01 3.164003555623792252e+01 3.399186529156645520e+01 3.163384794804451516e+01 3.221592930523656406e+01 3.058430411174986574e+01 3.019613678933118450e+01 2.647680124184188699e+01 2.674096858754372263e+01 2.300809713992011396e+01 2.275995120820780571e+01 1.943730881578003178e+01 1.728872907416852556e+01 9.980833331941783015e+00 1.559886233031114955e+01 1.234046923743177793e+01 1.341388139205055197e+01 1.800235034655197808e+01 1.642125972634255859e+01 1.514439490372593511e+01 1.965939424295672211e+01 2.129569641969944982e+01 1.727786251247531979e+01 1.928598773721480697e+01
2.914625838765586963e+01 3.117378754659112161e+01 2.974625120918600274e+01 2.557443938779499604e+01 2.876851466447303096e+01 2.955412549881995687e+01 2.817736165789834857e+01 1.328359514589330104e+00 0.000000000000000000e+00 1.329771032922584695e+00 3.705030229296383926e+00 6.644104002798270514e+00 9.738587012498273410e+00 1.115679116054432818e+01 1.322355871163281371e+01 1.839439118318407651e+01 1.616708804949115930e+01 2.148030572408130467e+01 2.042597662291818139e+01 2.472554527204607311e+01 2.438223521336794875e+01 2.851798180096200142e+01 3.024892077413672098e+01 3.326752590740705529e+01 3.561399233447437496e+01 3.168034965084823895e+01 2.951323489555151625e+01 2.584719735290462594e+01 2.384876730567011549e+01 2.342899754577646831e+01 2.407821953550552507e+01 2.616713505525585859e+01 2.443213461816220189e+01 2.773580323336607734e+01 2.944817958720029338e+01 3.115902368496162822e+01 3.158779819803843125e+01 2.923930177004916686e+01 2.571708663515368087e+01 2.646254396311888968e+01 2.405832980487215877e+01 2.101196889870152162e+01 1.999698249736694322e+01 2.067797545699288264e+01 2.109970999800707858e+01 1.825045298067968602e+01 2.241617552126142598e+01 2.220287810172365539e+01 2.309705719350410646e+01 2.400660292502876914e+01 2.374400029481131469e+01 2.055139277518679464e+01 1.879007762091471534e+01 2.131850203461771898e+01 1.947549758029303035e+01 1.563826249939551083e+01 1.733550431917110402e+01 1.645067870940283683e+01 1.010906449677713681e+01 1.520600427462783877e+01 1.706151986195837011e+01 1.612065249920113885e+01 1.974776977281232249e+01 2.303283388990594460e+01 2.281364788892824080e+01 2.673369785495452433e+01 2.890431692671528907e+01 3.071825729106388891e+01 3.163669699889670639e+01 3.107146596155385865e+01 2.980227137316885688e+01 2.899730873719146018e+01 2.697971024677618956e+01 3.036783958400728878e+01 3.170933209640341843e+01 3.332369212737388153e+01 3.053529854119654985e+01 3.493727319067703263e+01 3.476939258888484119e+01 3.115521498882651130e+01 3.274682693025386726e+01 3.495153823510490554e+01 3.357104725801683998e+01 2.868393552147264103e+01 3.332346057959767194e+01 3.564798789553205438e+01 3.309188823563864901e+01 3.390630655202657096e+01 3.241669414051963116e+01 3.179137930320105099e+01 2.790982416641136510e+01 2.756416031733961347e+01 2.390028738320943447e+01 2.302846521155936443e+01 1.945366083800167800e+01 1.751901558307429596e+01 1.129543757452538877e+01 1.608558391852779934e+01 1.293504267484263082e+01 1.326367694118037477e+01 1.867479017285067044e+01 1.849495133813549685e+01 1.678435518570790919e+01 2.122257891963179688e+01 2.315847352482455435e+01 1.937747509352031017e+01 2.149390464759718355e+01
2.688598525254375105e+01 2.888260170067786703e+01 2.719353287088678073e+01 2.363196671883235567e+01 2.625867492848792040e+01 2.730719548031251165e+01 2.534151575971729642e+01 3.377978389510510215e+00 1.329771032922584695e+00 0.000000000000000000e+00 1.326849275539615958e+00 3.415734620839270708e+00 6.304427491850471021e+00 9.244494902372979439e+00 1.039575918343629191e+01 1.524697524101091872e+01 1.256642705783947100e+01 1.801397582434261224e+01 1.689972585576464681e+01 2.102955310984995663e+01 2.140089935026096057e+01 2.485292204148236905e+01 2.772030239734047541e+01 3.042205182100641636e+01 3.328509049108924955e+01 2.964733109404622979e+01 2.730092139470754020e+01 2.353818026101423300e+01 2.186987213039893518e+01 2.096666365924726705e+01 2.146998800651737582e+01 2.332002894509352942e+01 2.168094686585435937e+01 2.484351017871669853e+01 2.652580675493206996e+01 2.862996727207350389e+01 2.911552901803434423e+01 2.658928748575260315e+01 2.304515363368185632e+01 2.344104447331645602e+01 2.076527750837922071e+01 1.806319811107656292e+01 1.724079882140035735e+01 1.888785959287076111e+01 1.909042946085812886e+01 1.595127784849853469e+01 2.092823986865594321e+01 2.158197131867244778e+01 2.231516027278316727e+01 2.236960386327839956e+01 2.140704321012128730e+01 1.828743760071377977e+01 1.748190839124836415e+01 1.832841771675885667e+01 1.599499881212874008e+01 1.265469885062461408e+01 1.406983290590190272e+01 1.385643247737309558e+01 7.487763751615034380e+00 1.242709600027295558e+01 1.405219602055137962e+01 1.261131325437600736e+01 1.639786358035704694e+01 1.956641014596187844e+01 1.952820470499016281e+01 2.317460795784903738e+01 2.534922543195353839e+01 2.713591137220196359e+01 2.804512574405755743e+01 2.749306468911751011e+01 2.653227412039910504e+01 2.572331504685972803e+01 2.384400700385738503e+01 2.726737079367939387e+01 2.853686887168948161e+01 3.005857168928690015e+01 2.765247030556221475e+01 3.173628045313438761e+01 3.136812350141461891e+01 2.778533688836613891e+01 2.941053911440591051e+01 3.162542745956171331e+01 3.008715428550862825e+01 2.522600051534131183e+01 3.012503616595339295e+01 3.237898695141650052e+01 2.960573562673286929e+01 3.076454187859783573e+01 2.931267947493029524e+01 2.798128333368575227e+01 2.448580245775089637e+01 2.402376059238020289e+01 2.033761185586941167e+01 1.942713820921650836e+01 1.589092964555566923e+01 1.416618050146192509e+01 8.304290758397129935e+00 1.312094337309631342e+01 1.065685141118144585e+01 1.196698846828223317e+01 1.651709081527373257e+01 1.606679924564939554e+01 1.519604139241532792e+01 1.944036360256669482e+01 2.102878049245842362e+01 1.798758560785743654e+01 2.082732594453738173e+01
2.593189412673127592e+01 2.804763792193559979e+01 2.636608950906447291e+01 2.332646619186026626e+01 2.554611228739120676e+01 2.678181138384780624e+01 2.442246115771299486e+01 6.083480664882566558e+00 3.705030229296383926e+00 1.326849275539615958e+00 0.000000000000000000e+00 1.327709682121809953e+00 3.542407938112150934e+00 6.604054890747047324e+00 7.281874758604407916e+00 1.228181867640130775e+01 1.014059741829839112e+01 1.532080732207020368e+01 1.478049051960049098e+01 1.932772899230532815e+01 2.006348636204585034e+01 2.424065434347843251e+01 2.660740740846427954e+01 2.950950296091073710e+01 3.223867393364682954e+01 2.892895680801503744e+01 2.661228639181533495e+01 2.286897089945238193e+01 2.164227430285458453e+01 2.040850560428176053e+01 2.074463041367572913e+01 2.222173703831453295e+01 2.078385342038381367e+01 2.366642651521349094e+01 2.501045001594333073e+01 2.711671742670930030e+01 2.726051815354946584e+01 2.458254675577776638e+01 2.116362776085423292e+01 2.170152119092115228e+01 1.909772101586992576e+01 1.653563721179198964e+01 1.649630740499218362e+01 1.859702142817499748e+01 1.884132057473679112e+01 1.566661804602384400e+01 2.105584465178255726e+01 2.217954210528251480e+01 2.268458018125969033e+01 2.206676960952825794e+01 2.076942837441608347e+01 1.761240784220033717e+01 1.759350928609752529e+01 1.892364732286035434e+01 1.603363673656103927e+01 1.236412855805049915e+01 1.247903065145686519e+01 1.313387079272519742e+01 7.049365219649212477e+00 1.187322201426386492e+01 1.272158421738424394e+01 1.101766962655896442e+01 1.462873357471520741e+01 1.773812554922306006e+01 1.700608964459495809e+01 2.093024357240020095e+01 2.348065390912271511e+01 2.488848428490573639e+01 2.558373651365257473e+01 2.525703996908584514e+01 2.414514713146308367e+01 2.368343207814272944e+01 2.145246675792786206e+01 2.507756507318842409e+01 2.651376689570910017e+01 2.842300107307460166e+01 2.660213750810261502e+01 3.034242012430781443e+01 2.974729685198303741e+01 2.619705158982590731e+01 2.801157426850550891e+01 3.024706488239809232e+01 2.846836570651711540e+01 2.373230894793003287e+01 2.882563910826609188e+01 3.094286434705099964e+01 2.785765140854483235e+01 2.918383033462194476e+01 2.791999681232072561e+01 2.646541911627322108e+01 2.257852510683547109e+01 2.182554826344575361e+01 1.811704219788649795e+01 1.708560039916654105e+01 1.342327743138761065e+01 1.197728224598552238e+01 6.984771649810750382e+00 1.123491348431308801e+01 9.328756937556040185e+00 9.856057680431868917e+00 1.468239220971841164e+01 1.512570960318886826e+01 1.475765923173455008e+01 1.869291387130427751e+01 2.001347313686457596e+01 1.812053547773905748e+01 2.123893763821532943e+01
2.170623573998956246e+01 2.348167353490802611e+01 2.163022979535816148e+01 1.812752476208487096e+01 2.070275145964902563e+01 2.194886493648361991e+01 1.952205419519165019e+01 7.132994953033402474e+00 6.644104002798270514e+00 3.415734620839270708e+00 1.327709682121809953e+00 0.000000000000000000e+00 1.348886207209485155e+00 3.468760153138296332e+00 5.591760456242742983e+00 9.496731700959021083e+00 6.353036754182991963e+00 1.281614161906773042e+01 1.118228925578300803e+01 1.631043901922937422e+01 1.606789345247223366e+01 2.091349530805407753e+01 2.266850208990440052e+01 2.580587425374307742e+01 2.821683309657552741e+01 2.466529533575464939e+01 2.229832877145728887e+01 1.851195367863694585e+01 1.709909278295196700e+01 1.562530178908554745e+01 1.591036561490652979e+01 1.732670095546177436e+01 1.614614362626568678e+01 1.922422380747790172e+01 2.067624417054509323e+01 2.304198398575956119e+01 2.370077739231352609e+01 2.096396904214466872e+01 1.746135759326862669e+01 1.743085709309785969e+01 1.451766031425174042e+01 1.230447768090949801e+01 1.165768729208328125e+01 1.348175467066509370e+01 1.366585035773478651e+01 1.115502075300624441e+01 1.627882762977727893e+01 1.756798340732367691e+01 1.876167777678744741e+01 1.841569781463629596e+01 1.716907132025491833e+01 1.385468335978849019e+01 1.446673511888567631e+01 1.625312382282249146e+01 1.331491137785002188e+01 9.862153213168005195e+00 8.772582003036506038e+00 8.689073310773713033e+00 3.701521038708273093e+00 6.842843414838604588e+00 8.262478260183199197e+00 6.208986149122896592e+00 1.009552579116115112e+01 1.315563069563751242e+01 1.356785576279465033e+01 1.683949099587039200e+01 1.899935243633319359e+01 2.101615842631569109e+01 2.196755409689481198e+01 2.113984467776430876e+01 2.035995591841986396e+01 1.941231696629745684e+01 1.778302704828399072e+01 2.112000139678025690e+01 2.229782881807105355e+01 2.381614899600689128e+01 2.190074640280554519e+01 2.562517274088117958e+01 2.501289989185580254e+01 2.146577920784615046e+01 2.316508549520160898e+01 2.538088136767515834e+01 2.378571382153581837e+01 1.899328968346452839e+01 2.402748386743813924e+01 2.626979263336503578e+01 2.352276384696322253e+01 2.509363995119082347e+01 2.421349386189444175e+01 2.302065702798250157e+01 1.889917217763783341e+01 1.812754980685475914e+01 1.413171741155334615e+01 1.323371123305930297e+01 9.841501206624931442e+00 7.947823916016258039e+00 3.356121720081080007e+00 7.459501189757935080e+00 6.664048244123086384e+00 8.728430443098000424e+00 1.170853116321598897e+01 1.078085177525412774e+01 1.092252191574821651e+01 1.482615533440817579e+01 1.580235545733610181e+01 1.291041087649808539e+01 1.657005917309893306e+01
2.254453496969942350e+01 2.455365848504047577e+01 2.247976025228027552e+01 2.036504763068331414e+01 2.143085590917917571e+01 2.291483565291272484e+01 1.981897376253372300e+01 1.048671812341688003e+01 9.738587012498273410e+00 6.304427491850471021e+00 3.542407938112150934e+00 1.348886207209485155e+00 0.000000000000000000e+00 1.334400614508248983e+00 3.286937176156550233e+00 6.581120725226059953e+00 4.842109973967959391e+00 1.028575116362436681e+01 9.885797691638245510e+00 1.512706647040330843e+01 1.605395269084844401e+01 2.054429516921911514e+01 2.263986099780650463e+01 2.578234832205941274e+01 2.839003728423053730e+01 2.501428058129995691e+01 2.300909617955472442e+01 1.934948283546617276e+01 1.852514564045314316e+01 1.628211764482740875e+01 1.678711824584553369e+01 1.742049255905239846e+01 1.705556832826159663e+01 1.922737959265380425e+01 2.010762099304639250e+01 2.244944340067254629e+01 2.245500260521027158e+01 1.943524944527340281e+01 1.625399753906712164e+01 1.643357407869633491e+01 1.372649336137966536e+01 1.194720774909351313e+01 1.213803715598201549e+01 1.515708395437592415e+01 1.607577621765120313e+01 1.291605826094013665e+01 1.872568668967843664e+01 2.052381246260060621e+01 2.085772667382521917e+01 1.964851966434112995e+01 1.800497300747768392e+01 1.497045797562653391e+01 1.535711760064368647e+01 1.648114977785227353e+01 1.327042715966595487e+01 9.908072718748082153e+00 8.805614913224401263e+00 9.993370052189598951e+00 5.205421212543708265e+00 9.532762296417553571e+00 8.565016112068907006e+00 6.059500639491675500e+00 9.248699476142581588e+00 1.196088901378154112e+01 1.065732297530669825e+01 1.467565576047626053e+01 1.748317548387592169e+01 1.915099208918431017e+01 1.968618535928177238e+01 1.901810852845255795e+01 1.782408140690565901e+01 1.767385331499614054e+01 1.528924255808639110e+01 1.911981208066648463e+01 2.063909152554927928e+01 2.290017261943673788e+01 2.209055094378589956e+01 2.513446468496992026e+01 2.403387948292992959e+01 2.062445499885997435e+01 2.262162189145597324e+01 2.480486722399456667e+01 2.255537838299326836e+01 1.830375283924037433e+01 2.358849868050105414e+01 2.563143971765924789e+01 2.250168878106707737e+01 2.445010398750893188e+01 2.372322064981902301e+01 2.200131816505547633e+01 1.786968617519624658e+01 1.648642195869073390e+01 1.274067353007681724e+01 1.105156663102566483e+01 7.286048654792254275e+00 5.971125019625703523e+00 3.606725107351546278e+00 6.735323377537271838e+00 7.105082758138715704e+00 9.561887784323767292e+00 1.115861375798983524e+01 1.216596083340728285e+01 1.392857975530886883e+01 1.668416473785847387e+01 1.659228136815429266e+01 1.693211983184621872e+01 2.106010636250444179e+01
1.900425368174188279e+01 2.167102411054908728e+01 2.110498071546145127e+01 1.999513793400785389e+01 2.208916734510379953e+01 2.393639688842078428e+01 2.053568649936008583e+01 1.169997303415695988e+01 1.115679116054432818e+01 9.244494902372979439e+00 6.604054890747047324e+00 3.468760153138296332e+00 1.334400614508248983e+00 0.000000000000000000e+00 1.328384357029244400e+00 3.985554039277352079e+00 6.035078624177160123e+00 1.033846308693898841e+01 1.087723797661888625e+01 1.615365748058315631e+01 1.764025725435998737e+01 2.205776248852090404e+01 2.384241906770368402e+01 2.711452964740491112e+01 2.961946836119784265e+01 2.630267898903075974e+01 2.455284547664486539e+01 2.045312538464476404e+01 2.054472715808121919e+01 1.706811208071941977e+01 1.780337108527483636e+01 1.758756316264422637e+01 1.568838487544208427e+01 1.739157454056417151e+01 1.831901583055159222e+01 1.940808663933670175e+01 1.898380428154483113e+01 1.658268186995094950e+01 1.336423117878465661e+01 1.430825020748519272e+01 1.274285843129397833e+01 9.820179122602599620e+00 1.339161472713429113e+01 1.560571654875225533e+01 1.705493154486408258e+01 1.511898164560033742e+01 2.087722847985335406e+01 2.294372441431425358e+01 2.365903971001359096e+01 2.202655840116653607e+01 2.010723991501568619e+01 1.716939876640996587e+01 1.834260507670598273e+01 1.947254295155103776e+01 1.591257867223285594e+01 1.320073532042817455e+01 1.082414680240433569e+01 1.216068838512031114e+01 8.601420638475946845e+00 1.022483765152288626e+01 8.177742598052347489e+00 7.617133122113593835e+00 8.839177846383684312e+00 1.101104840603291457e+01 7.684317406250211313e+00 1.277920392669277483e+01 1.606827548307533959e+01 1.808481559209272049e+01 1.803646686576946934e+01 1.696693222123551692e+01 1.473971305690853661e+01 1.523591447862582626e+01 1.176970666584345970e+01 1.620702745724829086e+01 1.814449916641404315e+01 2.116832473295891148e+01 2.127594947352526589e+01 2.399347990600779568e+01 2.270153626960078697e+01 1.944982223569151714e+01 2.187530703784520725e+01 2.410884673724564919e+01 2.136440621688326047e+01 1.815941565689821502e+01 2.350445713051037444e+01 2.538261753641653229e+01 2.220409626622979715e+01 2.483731487097589152e+01 2.460840500723278979e+01 2.233038615877477895e+01 1.837593233008872318e+01 1.615929212558520689e+01 1.256189177632095877e+01 9.551532808926531004e+00 6.438430088150377095e+00 2.936094344533225264e+00 4.132391680371067189e+00 5.133355530255038879e+00 3.500961867830039598e+00 2.774328927867063310e+00 6.059228828819716917e+00 8.865616335032774131e+00 8.799281788873454246e+00 1.198815390291599137e+01 1.354477426906775683e+01 1.463862350086236752e+01 1.673128751770167710e+01
