0.000000000000000000e+00 1.306378199450679789e+00 2.920439350508754472e+00 6.568756503326941498e+00 9.716357650889554165e+00 1.317504314983446179e+01 1.472391595330535630e+01 1.843310871773939397e+01 2.105181621618429233e+01 2.441753929043629157e+01 2.565930384870173953e+01 2.099241741677218087e+01 2.072684300611166108e+01 1.668518927072749847e+01 1.336304160735870639e+01 1.013921594601870524e+01 7.985775729382837085e+00 4.122177337281839549e+00 2.548110868859517097e+00 2.391033458569745918e+00 2.930834181594039300e+00 4.595782087958479423e+00 5.807666054449067694e+00 8.390318289552547881e+00 8.195933015831693425e+00 5.434271064273477059e+00 8.441970504568230282e+00 1.080667039378919903e+01 9.380653335455903630e+00 7.501710604922052994e+00 1.273372302196023043e+01 1.463346076633958681e+01 1.425965266056645397e+01 1.558012079542389294e+01 1.790296997707363857e+01 1.766638969908679613e+01 1.910158370397595817e+01 2.157110574356353894e+01 1.890687557477437863e+01 1.875363588747525867e+01 2.153145564052741889e+01 1.874455123495891939e+01 1.341969451962301640e+01 1.441571517476673669e+01 8.650900993538186867e+00 1.135082098352361513e+01 1.048366796498248377e+01 1.223325373725240617e+01 1.057459342008003489e+01 4.497474180025940349e+00 9.845993550678366901e+00 7.891044607654933429e+00 1.331868841140147630e+01 1.590568102911660731e+01 1.919641148756715054e+01 2.254371193925259576e+01
1.306378199450679789e+00 0.000000000000000000e+00 1.304469624023496088e+00 4.531413576357823381e+00 7.995501047464130373e+00 1.141813666935196636e+01 1.370227076071699912e+01 1.688640944665265309e+01 1.966014193743270155e+01 2.314272637352825157e+01 2.405639170781852698e+01 1.977530793691971667e+01 1.871090919757775950e+01 1.485568850642742689e+01 1.077521326935109691e+01 8.346522030163221473e+00 5.759713013683928295e+00 3.612611382365948032e+00 2.770592174969098487e+00 4.909165815085084539e+00 6.577200772365094927e+00 6.962921872317683558e+00 7.771467622013231491e+00 1.009595547731862908e+01 9.899974797947720617e+00 6.506249687800184311e+00 9.275879095805422025e+00 1.185285611150325380e+01 1.057822797069528065e+01 6.825946454521893081e+00 1.303736733393671088e+01 1.521605471204674664e+01 1.431814823921026480e+01 1.549513836659744115e+01 1.791246194692399030e+01 1.824696966622129324e+01 1.847913085077325945e+01 2.129341959385575223e+01 1.829115603235618437e+01 1.865886143364594574e+01 2.104128976560134490e+01 1.779997171346066764e+01 1.310071314852745061e+01 1.285846514946476837e+01 7.811374654950305363e+00 9.201281486836494494e+00 9.394497378785095165e+00 1.002684446872494206e+01 7.492518134779521333e+00 4.651345934243119373e+00 7.121042269218741616e+00 7.018699238462922096e+00 1.159869307292851914e+01 1.446919393055466685e+01 1.796979103940833511e+01 2.141932755713866854e+01
2.920439350508754472e+00 1.304469624023496088e+00 0.000000000000000000e+00 1.304799218270765060e+00 4.422413481347034825e+00 7.909419005211444365e+00 9.850326035213251785e+00 1.325452930133695872e+01 1.594838731659097952e+01 1.948190511731334595e+01 2.020236100063554119e+01 1.577158213369857087e+01 1.511200638565243537e+01 1.109128175640669589e+01 7.791516476270841984e+00 4.464015008935341200e+00 3.381167549826538110e+00 2.741155413324825929e+00 4.680119763424863244e+00 4.155447148021497838e+00 4.887163901487241446e+00 2.932287161926675711e+00 3.188257517830076271e+00 5.793752583602444162e+00 6.558204174924718188e+00 3.274705788311371712e+00 6.038600003312025954e+00 8.654340240596045675e+00 8.121215795679855631e+00 3.676727621132683144e+00 9.839448460152633302e+00 1.215308981288297652e+01 1.065714305055534084e+01 1.214572377423428939e+01 1.468556849427355360e+01 1.536631839446261161e+01 1.461200280591267742e+01 1.768020262892934014e+01 1.461448220088552929e+01 1.539311420733309532e+01 1.787798954021396369e+01 1.482830715220048212e+01 9.874456592643465314e+00 9.869200474202559192e+00 4.125934076060837619e+00 6.537426481422181190e+00 7.294752977311843800e+00 9.004283980417321587e+00 7.304808553275027094e+00 2.372376445676359857e+00 5.724184745446288858e+00 3.512245293256153644e+00 9.021295139834412780e+00 1.131967155000532621e+01 1.470708900496627969e+01 1.795317175320283098e+01
6.568756503326941498e+00 4.531413576357823381e+00 1.304799218270765060e+00 0.000000000000000000e+00 1.307812677718028560e+00 3.347235426437764616e+00 6.794263462657302632e+00 8.932199617115596624e+00 1.190798769733996743e+01 1.543080522850314473e+01 1.563139082103700694e+01 1.286791008672348546e+01 1.073135042760229574e+01 7.271922029284966449e+00 2.354188182792531059e+00 3.207047551876959890e+00 3.881475106193519764e+00 4.826746005333199641e+00 7.043434105605021145e+00 8.410455041197234749e+00 1.107950436617089807e+01 9.026342614813598786e+00 9.069063623109057559e+00 1.100014386269561584e+01 1.026886488371524031e+01 6.697308713207118736e+00 8.349641788723634050e+00 1.069033961106942421e+01 9.900292823952227650e+00 3.887333919281954930e+00 9.738535926924539510e+00 1.229617867469402093e+01 1.023330572200401001e+01 1.053579451204321771e+01 1.341009582366956820e+01 1.542089731500731986e+01 1.369009736999704430e+01 1.607552639884616497e+01 1.203174176917041471e+01 1.360894481581874871e+01 1.504413699751501099e+01 1.159684012996643787e+01 8.219422181637829894e+00 7.352574787106894938e+00 6.171217221910115569e+00 7.858492539921382303e+00 1.003733605096491743e+01 1.057070730840656658e+01 6.868349219426747254e+00 4.423420622097790300e+00 3.477570128696184870e+00 2.545173471494624806e+00 5.207066064493516500e+00 7.606484404769393137e+00 1.092272250860562721e+01 1.445969643526447079e+01
9.716357650889554165e+00 7.995501047464130373e+00 4.422413481347034825e+00 1.307812677718028560e+00 0.000000000000000000e+00 1.308422714568957534e+00 3.468931968200010818e+00 5.644174075983128702e+00 8.005707339142494661e+00 1.124286889543767565e+01 1.315573813968642192e+01 9.432194707489873764e+00 8.589306956908687951e+00 4.508571835958698593e+00 3.200490899846459403e+00 2.649650165587902784e+00 4.717587307088232151e+00 5.959431600412911756e+00 8.938031438745335677e+00 1.048791890700914919e+01 1.351525933898421350e+01 1.117152357559164777e+01 8.595917403046634320e+00 9.666151767896053570e+00 9.151814355634623865e+00 6.199167766724820616e+00 5.744085131681109679e+00 7.587016343728278045e+00 7.144588441610895124e+00 3.316897043925240762e+00 5.309317470259242278e+00 7.982719711977867227e+00 7.413234516727499113e+00 5.691591693015232600e+00 8.749899085132353704e+00 1.112020305570001888e+01 9.724334681611900066e+00 1.073858468328112536e+01 6.554797022028981068e+00 8.274829605496417884e+00 9.928014202246085773e+00 7.442587520479688301e+00 3.290240872641393644e+00 6.049740655598387029e+00 7.128217799702811774e+00 9.429151022228882795e+00 1.209522538028953065e+01 1.271298214424924033e+01 8.999659104655020059e+00 6.783598160268634381e+00 4.980942179949493287e+00 3.221548075071983153e+00 4.179112585226676835e+00 3.644201421436526367e+00 6.577326660581790385e+00 9.571503748105621767e+00
1.317504314983446179e+01 1.141813666935196636e+01 7.909419005211444365e+00 3.347235426437764616e+00 1.308422714568957534e+00 0.000000000000000000e+00 1.304854781192144708e+00 2.811363726023369480e+00 5.680941735311145990e+00 9.086100043472997712e+00 1.083379504144323491e+01 7.454186877185196458e+00 6.824623066514369008e+00 3.533574111292983044e+00 3.431425505529735354e+00 4.729219174451529284e+00 7.037861251829280462e+00 9.252559699888458056e+00 1.235974214941395921e+01 1.366394653824435856e+01 1.675509889556012055e+01 1.421436769610241946e+01 1.245440508414593062e+01 1.413719420535772464e+01 1.332556302750469079e+01 1.026889726309500084e+01 1.032490125860775443e+01 1.225859637152639081e+01 1.104292560873249762e+01 6.002254493105070310e+00 9.800282955098795767e+00 1.198058375038545442e+01 8.777538037513709313e+00 7.668623931319099363e+00 1.054008591046581600e+01 1.287002163945344613e+01 1.030065925074701383e+01 1.091824518867386473e+01 6.165321483913064782e+00 8.425129613246314264e+00 9.968133676872517057e+00 7.347459288760979312e+00 7.635040405917966844e+00 7.289612198189969305e+00 8.923036534722918134e+00 9.613974932357583825e+00 1.246476028650370793e+01 1.229971093156257744e+01 8.291576749931222068e+00 8.946192262633303471e+00 4.260795348288860751e+00 3.081161144763447712e+00 3.780957021707599619e+00 3.234777581225640297e+00 5.160916682140877398e+00 7.830500941829966699e+00
1.472391595330535630e+01 1.370227076071699912e+01 9.850326035213251785e+00 6.794263462657302632e+00 3.468931968200010818e+00 1.304854781192144708e+00 0.000000000000000000e+00 1.305061301242205873e+00 3.113940590313180934e+00 6.673234373225624516e+00 6.860840327540059569e+00 3.464358670807628826e+00 3.399733666039149949e+00 2.486453297369568549e+00 4.227187362774449397e+00 3.411290225120108488e+00 7.498004134434709478e+00 9.418070131401655942e+00 1.241988136014189159e+01 1.380540350732277588e+01 1.704647159971822390e+01 1.523941219338856179e+01 1.320820725912491156e+01 1.373163154909131656e+01 1.231648200583267183e+01 9.464881087472784671e+00 9.119038381320697439e+00 9.954543384806759931e+00 7.976114530270989711e+00 4.889282769486747782e+00 7.264080602526377994e+00 8.081562472690537291e+00 3.931651307021008179e+00 4.504052952619451489e+00 6.687090922067682186e+00 7.738798679381703849e+00 4.496479734192071476e+00 6.901561127744939128e+00 3.871837289969711549e+00 6.893223193833200924e+00 9.758537902780314965e+00 8.570931221285116308e+00 6.640311287884024694e+00 9.437564569315538776e+00 1.158034153209653816e+01 1.299413594664916438e+01 1.614238290959547228e+01 1.698536428811581089e+01 1.315095639107665626e+01 1.226656182473312384e+01 8.429120001518546346e+00 6.194036244646942357e+00 6.369590567689574101e+00 3.959286299322139158e+00 5.984931578556266452e+00 6.462872890595946274e+00
1.843310871773939397e+01 1.688640944665265309e+01 1.325452930133695872e+01 8.932199617115596624e+00 5.644174075983128702e+00 2.811363726023369480e+00 1.305061301242205873e+00 0.000000000000000000e+00 1.301797987400503231e+00 3.912414599706937057e+00 6.108784740028085913e+00 3.673562167705890058e+00 3.069633691501315820e+00 4.244222897068437028e+00 6.336136441081426263e+00 7.507553063415536521e+00 1.102345980171379836e+01 1.385463626372053092e+01 1.694280192294061038e+01 1.820379097880438835e+01 2.141147827684954663e+01 1.892810830484652485e+01 1.651681721761187305e+01 1.744540332007259664e+01 1.675605720329218684e+01 1.379528810862607457e+01 1.295676661053983736e+01 1.446186882805953466e+01 1.310949926579959168e+01 9.626206002366663128e+00 1.144628996662237164e+01 1.271697471885510922e+01 9.540391920670764137e+00 8.190352190229672757e+00 1.060878829084641417e+01 1.270351876449985795e+01 9.747602474454938104e+00 8.556757621903285482e+00 4.952715214909898300e+00 6.079650894582681708e+00 8.209651088810048236e+00 7.315618497434103418e+00 9.204025478017758388e+00 8.252791285377329089e+00 1.182503547563388935e+01 1.384033211306722855e+01 1.727063803106301165e+01 1.823153986913886726e+01 1.410014950275350820e+01 1.439468655442000333e+01 1.016321435373671456e+01 7.709399782084205732e+00 6.371314934925129236e+00 3.269092534634038039e+00 2.726398540199138854e+00 3.646250265683912417e+00
2.105181621618429233e+01 1.966014193743270155e+01 1.594838731659097952e+01 1.190798769733996743e+01 8.005707339142494661e+00 5.680941735311145990e+00 3.113940590313180934e+00 1.301797987400503231e+00 0.000000000000000000e+00 1.302009984600732251e+00 3.379414446320545995e+00 2.678902200529164279e+00 2.316346476673988075e+00 5.356161031933226901e+00 8.238256490301816726e+00 9.707976411178592002e+00 1.344243262955035334e+01 1.629224398295090381e+01 1.927566439840661161e+01 2.043796239843884166e+01 2.366209853330849100e+01 2.126261679568156993e+01 1.861789058943037389e+01 1.914913575073298091e+01 1.849679588469311042e+01 1.568549071594510380e+01 1.442622701887087366e+01 1.556975931092064158e+01 1.432898803126026799e+01 1.121754928672033991e+01 1.180169314124037072e+01 1.266779759863568344e+01 1.027589543543529871e+01 8.393469008699561584e+00 1.012028700185918595e+01 1.160157010925676424e+01 8.126811797993109820e+00 6.458495954941830597e+00 4.074859874891405553e+00 5.722968547877927747e+00 7.890401067119465317e+00 8.227499437860812392e+00 1.002898683816067127e+01 1.062578058309129680e+01 1.393389468167461054e+01 1.633313815529642810e+01 1.984261688890858366e+01 2.121001562941432894e+01 1.714052265830887833e+01 1.729668985673270143e+01 1.313571143866977664e+01 1.055155941081696191e+01 8.530058557829484300e+00 4.773545956623859610e+00 4.745299252944960244e+00 2.867912306888061202e+00
2.441753929043629157e+01 2.314272637352825157e+01 1.948190511731334595e+01 1.543080522850314473e+01 1.124286889543767565e+01 9.086100043472997712e+00 6.673234373225624516e+00 3.912414599706937057e+00 1.302009984600732251e+00 0.000000000000000000e+00 1.304000383435526489e+00 3.816318775993430723e+00 2.402687869865747672e+00 8.444870514104996673e+00 1.170390844974446942e+01 1.321238301745752430e+01 1.704007048107489553e+01 1.960576040351406490e+01 2.265941872599560014e+01 2.351044019154043596e+01 2.670496586779320225e+01 2.421194787702964035e+01 2.126312420600509867e+01 2.148002255585407738e+01 2.107824577615509298e+01 1.845281761683022737e+01 1.674004375740995343e+01 1.770392459315165468e+01 1.681166104226468150e+01 1.362452850560341311e+01 1.353524772584528613e+01 1.436976374196875916e+01 1.251052696731836278e+01 9.983288636516526537e+00 1.171943125753122850e+01 1.293356544035711764e+01 9.197636870414052979e+00 6.986848502722811105e+00 6.097816740440794803e+00 6.224762887050397708e+00 6.605092656428068310e+00 7.253912668346648829e+00 1.070597165137289153e+01 1.225465919558761030e+01 1.604767104598047212e+01 1.883945442415994975e+01 2.242962117379604692e+01 2.406197620728604747e+01 2.001513282494023116e+01 2.056520714702382691e+01 1.640853162229941731e+01 1.373050840282325424e+01 1.105961509275978294e+01 7.235319896175979260e+00 5.380836459139043626e+00 2.405381050894015438e+00
2.565930384870173953e+01 2.405639170781852698e+01 2.020236100063554119e+01 1.563139082103700694e+01 1.315573813968642192e+01 1.083379504144323491e+01 6.860840327540059569e+00 6.108784740028085913e+00 3.379414446320545995e+00 1.304000383435526489e+00 0.000000000000000000e+00 1.304189020042723079e+00 3.242021128863906920e+00 6.628465357833591476e+00 1.020947902686518027e+01 1.297906656890240207e+01 1.675372206406683873e+01 2.009238714040718321e+01 2.327252779566500251e+01 2.513171750995144293e+01 2.837380469729077248e+01 2.634573853586192271e+01 2.373051413265207898e+01 2.395179444217071918e+01 2.325774197982254776e+01 2.053056231572822554e+01 1.912219623892611509e+01 1.986090778388540912e+01 1.840106127374179223e+01 1.556690495891845494e+01 1.560941552397142118e+01 1.591401263038332381e+01 1.246636586981145989e+01 1.152975585170822193e+01 1.266290033917980473e+01 1.271492512758136328e+01 8.704612225711148454e+00 7.843819860246663112e+00 7.523350982108968132e+00 9.094642653782500474e+00 1.107495124142765697e+01 1.149150481877808616e+01 1.410407462402266177e+01 1.489861396237918534e+01 1.871243875073476559e+01 2.133541021400807125e+01 2.489466874654089423e+01 2.595001524084331024e+01 2.185875241179148532e+01 2.218640087981824749e+01 1.772704202623776837e+01 1.568084073001189438e+01 1.358288312546345900e+01 9.682115058188474066e+00 8.004642965179646907e+00 4.296925063344716911e+00
2.099241741677218087e+01 1.977530793691971667e+01 1.577158213369857087e+01 1.286791008672348546e+01 9.432194707489873764e+00 7.454186877185196458e+00 3.464358670807628826e+00 3.673562167705890058e+00 2.678902200529164279e+00 3.816318775993430723e+00 1.304189020042723079e+00 0.000000000000000000e+00 1.307052026508509490e+00 4.230310745087174418e+00 7.106296433445482563e+00 7.909951327283877731e+00 1.218839160841166880e+01 1.524436361413621022e+01 1.811060112199481864e+01 2.014774463804820215e+01 2.335992812488942505e+01 2.182174750105957628e+01 1.973433624422164456e+01 1.995686661277266083e+01 1.849939796317707419e+01 1.585087953395646743e+01 1.510703283242609452e+01 1.534384977767965452e+01 1.329715830544255617e+01 1.088233858138957189e+01 1.171930932265208192e+01 1.144711902620043453e+01 6.772191447382449603e+00 7.644990516671684944e+00 9.466923100986930351e+00 8.547248270642429091e+00 4.855527777698321223e+00 6.512950022839112840e+00 3.974848550573971462e+00 8.259608041547734203e+00 1.080465237756402885e+01 1.103770836722913273e+01 1.186782136704121449e+01 1.319608995119387451e+01 1.639374588067046901e+01 1.858054576701125882e+01 2.201349713244126960e+01 2.304491983062644778e+01 1.899201263689554153e+01 1.890291906029330704e+01 1.470485763276883873e+01 1.239248437562057248e+01 1.090995481200541128e+01 7.291407820167514764e+00 7.397473622798529824e+00 5.077663734435355458e+00
2.072684300611166108e+01 1.871090919757775950e+01 1.511200638565243537e+01 1.073135042760229574e+01 8.589306956908687951e+00 6.824623066514369008e+00 3.399733666039149949e+00 3.069633691501315820e+00 2.316346476673988075e+00 2.402687869865747672e+00 3.242021128863906920e+00 1.307052026508509490e+00 0.000000000000000000e+00 1.307336987926218663e+00 4.666620511676516259e+00 7.964927808837941825e+00 1.143023368090083913e+01 1.491671290868065114e+01 1.828225771068770555e+01 2.077847824071820426e+01 2.398325978677627290e+01 2.221732985756839085e+01 2.041787572202358092e+01 2.129576298233993725e+01 1.993182387540086609e+01 1.700879331404788530e+01 1.671616520018870844e+01 1.756317010109507493e+01 1.542837480099572822e+01 1.181955557540130108e+01 1.455334219346195290e+01 1.473783450850225840e+01 9.274861670127485525e+00 1.078900940772599348e+01 1.280593647493224019e+01 1.286266173853607953e+01 8.847967054640292872e+00 9.461635587994287278e+00 6.736505696575933122e+00 9.500825543077821678e+00 1.149562247118441149e+01 1.076304645534896842e+01 1.310877934820782720e+01 1.246896904318877475e+01 1.640679536045963971e+01 1.816517021665362819e+01 2.147122833002341125e+01 2.184588876653911882e+01 1.777302332187745648e+01 1.761677328570700141e+01 1.336949460525714883e+01 1.174465474162608025e+01 1.120406658316523973e+01 7.657018414500515568e+00 5.871109775843065037e+00 6.600194088055289399e+00
1.668518927072749847e+01 1.485568850642742689e+01 1.109128175640669589e+01 7.271922029284966449e+00 4.508571835958698593e+00 3.533574111292983044e+00 2.486453297369568549e+00 4.244222897068437028e+00 5.356161031933226901e+00 8.444870514104996673e+00 6.628465357833591476e+00 4.230310745087174418e+00 1.307336987926218663e+00 0.000000000000000000e+00 1.301044964634197942e+00 4.215108183665040364e+00 7.769499726494621505e+00 1.111952166237379025e+01 1.450853614256104152e+01 1.686833323123538264e+01 2.005780780643787153e+01 1.822162210122907666e+01 1.660204044688483549e+01 1.772204911967010688e+01 1.633328996252745213e+01 1.334074398225226332e+01 1.341995577488986946e+01 1.454542849145393824e+01 1.240160614597964006e+01 7.985994365137004891e+00 1.183604068090339112e+01 1.287202074268061480e+01 7.598409965249308229e+00 9.060451699556704597e+00 1.148259191123676537e+01 1.276088754750233001e+01 8.120429175850251369e+00 1.072195457927331397e+01 7.201086931845774863e+00 1.047730141782701452e+01 1.296879497100636591e+01 1.141783368244607111e+01 1.070003373826456539e+01 1.181161347996115119e+01 1.384436499085458117e+01 1.507005942257693931e+01 1.807188385310175605e+01 1.842721329989968737e+01 1.466170979115327988e+01 1.368831008561685181e+01 9.794554507480164318e+00 8.166098762567104430e+00 8.703147074478287948e+00 6.919563136499297329e+00 8.738973223439925775e+00 8.559722483819204086e+00
1.336304160735870639e+01 1.077521326935109691e+01 7.791516476270841984e+00 2.354188182792531059e+00 3.200490899846459403e+00 3.431425505529735354e+00 4.227187362774449397e+00 6.336136441081426263e+00 8.238256490301816726e+00 1.170390844974446942e+01 1.020947902686518027e+01 7.106296433445482563e+00 4.666620511676516259e+00 1.301044964634197942e+00 0.000000000000000000e+00 1.307171373615563903e+00 4.575104151819934906e+00 8.170810608501460237e+00 1.172335127000807731e+01 1.466557305392462318e+01 1.763793865506964309e+01 1.563464160126479996e+01 1.469832742185314167e+01 1.662614215625501046e+01 1.524057220054417705e+01 1.236045654496628998e+01 1.299262055937908045e+01 1.426947994847744994e+01 1.175448080520785865e+01 6.474331934647775455e+00 1.196693590690616205e+01 1.318335617360010303e+01 7.042725324758874805e+00 1.028129004551471581e+01 1.272295755710911891e+01 1.357609240540149109e+01 8.817914776181497771e+00 1.295633362491102147e+01 9.251193328430662888e+00 1.256637171183472468e+01 1.514192860899825988e+01 1.279059459133937260e+01 1.122444020875874138e+01 1.045751332774670672e+01 1.123343033093631682e+01 1.213714517504013379e+01 1.455578118824269751e+01 1.371367135379873403e+01 1.002624860054846145e+01 9.533783876300113036e+00 5.746390171229239563e+00 5.758967355351130912e+00 7.566890048097699051e+00 8.185214841407645991e+00 1.043399952079738213e+01 1.138623159785536920e+01
1.013921594601870524e+01 8.346522030163221473e+00 4.464015008935341200e+00 3.207047551876959890e+00 2.649650165587902784e+00 4.729219174451529284e+00 3.411290225120108488e+00 7.507553063415536521e+00 9.707976411178592002e+00 1.321238301745752430e+01 1.297906656890240207e+01 7.909951327283877731e+00 7.964927808837941825e+00 4.215108183665040364e+00 1.307171373615563903e+00 0.000000000000000000e+00 1.306834342983073105e+00 4.573588306789320157e+00 8.145359721952125653e+00 1.086685869973471164e+01 1.397681812860137462e+01 1.252906049949476319e+01 1.201655882522113750e+01 1.362494719255821529e+01 1.180054524164031982e+01 8.912773810660741702e+00 9.728266032546601494e+00 1.064059147792076487e+01 8.219064301975013365e+00 3.156966423641531350e+00 8.385242155119911445e+00 9.901552858011715585e+00 4.331409701240463761e+00 7.299723145435038418e+00 9.828807353895994581e+00 1.106844419961540993e+01 6.864217581050297667e+00 1.126135213906394128e+01 8.384604582208989854e+00 1.102527831848248674e+01 1.342407561063330412e+01 1.170315218221142217e+01 8.372790036779855782e+00 1.095085978359690237e+01 1.062230718817715314e+01 1.244289520168035601e+01 1.462940965999653820e+01 1.468763759084489351e+01 1.071303066363575773e+01 8.691498950123621725e+00 7.068919931644438215e+00 6.619503153560696518e+00 8.499581930895189430e+00 7.552725402131339472e+00 1.041441241741462775e+01 1.159660165738221949e+01
7.985775729382837085e+00 5.759713013683928295e+00 3.381167549826538110e+00 3.881475106193519764e+00 4.717587307088232151e+00 7.037861251829280462e+00 7.498004134434709478e+00 1.102345980171379836e+01 1.344243262955035334e+01 1.704007048107489553e+01 1.675372206406683873e+01 1.218839160841166880e+01 1.143023368090083913e+01 7.769499726494621505e+00 4.575104151819934906e+00 1.306834342983073105e+00 0.000000000000000000e+00 1.303679024913724671e+00 4.803755614100285065e+00 8.084780887568937757e+00 1.154295720342062026e+01 1.122480561078899086e+01 1.178873843971440394e+01 1.328096630520535548e+01 1.087515940113063273e+01 8.493831173269223100e+00 1.018105741070150394e+01 1.149894129909358220e+01 7.795956195361798180e+00 3.953419911924358487e+00 1.069439783251025311e+01 1.199916205407694392e+01 8.043986884623818057e+00 1.065555221469070624e+01 1.335183803826274840e+01 1.302461124179911778e+01 1.112502732580913722e+01 1.524845323303317812e+01 1.246886221754013846e+01 1.508459515532319450e+01 1.735575411787110767e+01 1.524155930343086496e+01 1.147960295480640802e+01 1.305961622713316928e+01 1.180078010133228439e+01 1.340927563293409186e+01 1.528648327771956872e+01 1.484775868607784233e+01 1.101170386452523609e+01 9.069386859099131115e+00 8.466469512140228915e+00 8.643512249080231413e+00 1.067545305830155478e+01 1.137714190822985039e+01 1.407603427816229669e+01 1.563067397779123269e+01
4.122177337281839549e+00 3.612611382365948032e+00 2.741155413324825929e+00 4.826746005333199641e+00 5.959431600412911756e+00 9.252559699888458056e+00 9.418070131401655942e+00 1.385463626372053092e+01 1.629224398295090381e+01 1.960576040351406490e+01 2.009238714040718321e+01 1.524436361413621022e+01 1.491671290868065114e+01 1.111952166237379025e+01 8.170810608501460237e+00 4.573588306789320157e+00 1.303679024913724671e+00 0.000000000000000000e+00 1.305489180345820177e+00 4.508038376056707541e+00 8.056039411522265326e+00 8.016694892535202399e+00 8.533488969934865054e+00 9.696017017311799435e+00 7.134557309322000940e+00 5.144940815986127625e+00 6.895072008325946022e+00 8.290131603297982821e+00 4.834027099634424118e+00 3.261820963817603669e+00 8.369789364135753473e+00 9.991937649925562326e+00 8.299275992518865053e+00 9.991329541157172756e+00 1.257817180674520685e+01 1.175938276441412533e+01 1.263558023994149515e+01 1.581092321782633903e+01 1.383347281054182787e+01 1.451970485237217190e+01 1.737080257213235512e+01 1.539586551643005130e+01 1.005139179417457562e+01 1.287664839933125016e+01 1.075959799434904518e+01 1.288313164568304714e+01 1.392773524303215638e+01 1.442837710901679849e+01 1.122632477705860765e+01 8.432121678438944556e+00 9.663957263978353751e+00 7.707401961750795394e+00 1.124067911649469664e+01 1.223391768813244873e+01 1.541500989295822599e+01 1.746617491038034942e+01
2.548110868859517097e+00 2.770592174969098487e+00 4.680119763424863244e+00 7.043434105605021145e+00 8.938031438745335677e+00 1.235974214941395921e+01 1.241988136014189159e+01 1.694280192294061038e+01 1.927566439840661161e+01 2.265941872599560014e+01 2.327252779566500251e+01 1.811060112199481864e+01 1.828225771068770555e+01 1.450853614256104152e+01 1.172335127000807731e+01 8.145359721952125653e+00 4.803755614100285065e+00 1.305489180345820177e+00 0.000000000000000000e+00 1.298394007996031219e+00 4.442782911644457045e+00 6.257555433234290199e+00 8.423378241537061939e+00 9.062655957278749952e+00 6.204455576438596687e+00 5.201225720923867257e+00 7.557629324067171694e+00 8.791864591768916881e+00 5.396260371775994713e+00 6.245470038355800391e+00 1.032613136658642361e+01 1.126811381731654294e+01 1.063824219502451385e+01 1.256083193900786021e+01 1.492910355647652310e+01 1.350068761211813140e+01 1.545953058795770652e+01 1.845274028430465663e+01 1.667952190561828019e+01 1.684865312124384573e+01 2.009807794292777672e+01 1.826133965512935831e+01 1.254180186416608933e+01 1.548517055120801622e+01 1.195755602119429817e+01 1.431972010899654535e+01 1.415406068942761131e+01 1.497760598360098250e+01 1.286809375937244226e+01 8.362235885216346531e+00 1.172115267369212255e+01 9.492871114683904210e+00 1.394312429120532570e+01 1.539455637555041712e+01 1.854810583321111039e+01 2.056880759791388869e+01
2.391033458569745918e+00 4.909165815085084539e+00 4.155447148021497838e+00 8.410455041197234749e+00 1.048791890700914919e+01 1.366394653824435856e+01 1.380540350732277588e+01 1.820379097880438835e+01 2.043796239843884166e+01 2.351044019154043596e+01 2.513171750995144293e+01 2.014774463804820215e+01 2.077847824071820426e+01 1.686833323123538264e+01 1.466557305392462318e+01 1.086685869973471164e+01 8.084780887568937757e+00 4.508038376056707541e+00 1.298394007996031219e+00 0.000000000000000000e+00 1.301340846972844023e+00 3.526293521532204878e+00 5.792057838109008649e+00 6.564083104288061854e+00 4.316651827516322371e+00 3.382992905697557173e+00 5.836334037732933133e+00 7.442971315274566457e+00 5.370202789467079185e+00 6.999970142793467076e+00 9.977118271324641796e+00 1.136617486228326612e+01 1.180257171128394234e+01 1.317719245514764559e+01 1.524099612886244337e+01 1.444265287265466391e+01 1.733564691610901676e+01 1.921792085528504401e+01 1.681091208114538915e+01 1.631665829758042108e+01 1.960239334877249107e+01 1.751603922123948820e+01 1.169497781100930567e+01 1.433105149666276112e+01 1.035476899790622873e+01 1.308644130388395688e+01 1.345428615720655863e+01 1.516718672002161128e+01 1.335427201310501921e+01 7.119909339310438234e+00 1.183006758222454025e+01 7.903484294917021202e+00 1.355359280781298992e+01 1.508046169717625062e+01 1.841272073866325698e+01 2.117518455645664233e+01
2.930834181594039300e+00 6.577200772365094927e+00 4.887163901487241446e+00 1.107950436617089807e+01 1.351525933898421350e+01 1.675509889556012055e+01 1.704647159971822390e+01 2.141147827684954663e+01 2.366209853330849100e+01 2.670496586779320225e+01 2.837380469729077248e+01 2.335992812488942505e+01 2.398325978677627290e+01 2.005780780643787153e+01 1.763793865506964309e+01 1.397681812860137462e+01 1.154295720342062026e+01 8.056039411522265326e+00 4.442782911644457045e+00 1.301340846972844023e+00 0.000000000000000000e+00 1.303231752222144157e+00 4.641280965423231208e+00 6.692527250598236499e+00 3.525354308434827999e+00 5.638418927323510133e+00 8.366622436802082063e+00 9.203384812122113345e+00 7.482550233710428600e+00 1.021777382799208311e+01 1.284215250649204876e+01 1.379851075297620611e+01 1.468828938304253384e+01 1.617343293800051640e+01 1.811442129906445686e+01 1.686648078290192743e+01 2.021364375861017137e+01 2.215979823915371227e+01 1.983514318072849392e+01 1.907799973791801662e+01 2.246101442499870515e+01 2.036876741484373454e+01 1.455681537974566808e+01 1.654252048510141648e+01 9.795340627053251481e+00 1.303956820604118150e+01 1.267916263007932187e+01 1.461576245017686304e+01 1.375712331848486336e+01 6.359454379111467048e+00 1.293271127799580889e+01 9.774084151469130788e+00 1.626146700024324332e+01 1.809846725554404401e+01 2.145645648750044643e+01 2.433390837905000481e+01
4.595782087958479423e+00 6.962921872317683558e+00 2.932287161926675711e+00 9.026342614813598786e+00 1.117152357559164777e+01 1.421436769610241946e+01 1.523941219338856179e+01 1.892810830484652485e+01 2.126261679568156993e+01 2.421194787702964035e+01 2.634573853586192271e+01 2.182174750105957628e+01 2.221732985756839085e+01 1.822162210122907666e+01 1.563464160126479996e+01 1.252906049949476319e+01 1.122480561078899086e+01 8.016694892535202399e+00 6.257555433234290199e+00 3.526293521532204878e+00 1.303231752222144157e+00 0.000000000000000000e+00 1.308538497714148319e+00 2.513548089852270628e+00 2.495913660365678410e+00 3.612740372625743213e+00 5.519775448331207812e+00 6.230442520399333439e+00 7.833551812556037497e+00 8.218302136086260035e+00 1.093055913482928787e+01 1.259756678886839687e+01 1.396916336077432952e+01 1.489461798771623258e+01 1.662041903803872245e+01 1.675993943903139183e+01 1.934880719837788732e+01 2.090619195358160098e+01 1.774289505689531055e+01 1.631647357733894665e+01 1.921789967712392766e+01 1.707330143821047841e+01 1.153638392218289610e+01 1.312755731276767257e+01 7.398235600465829620e+00 1.080965036437349269e+01 1.083793269032429407e+01 1.299165370536022301e+01 1.230768365696811273e+01 5.880710331244006994e+00 1.078700838972511278e+01 6.449214370758657999e+00 1.292034032059527249e+01 1.516546138434304147e+01 1.837247166278941179e+01 2.168590373952628170e+01
5.807666054449067694e+00 7.771467622013231491e+00 3.188257517830076271e+00 9.069063623109057559e+00 8.595917403046634320e+00 1.245440508414593062e+01 1.320820725912491156e+01 1.651681721761187305e+01 1.861789058943037389e+01 2.126312420600509867e+01 2.373051413265207898e+01 1.973433624422164456e+01 2.041787572202358092e+01 1.660204044688483549e+01 1.469832742185314167e+01 1.201655882522113750e+01 1.178873843971440394e+01 8.533488969934865054e+00 8.423378241537061939e+00 5.792057838109008649e+00 4.641280965423231208e+00 1.308538497714148319e+00 0.000000000000000000e+00 1.307242135183838583e+00 3.204991887665240125e+00 3.163407182137639495e+00 2.690289575491827900e+00 4.603589577709986003e+00 6.548126220530572361e+00 6.880268090706931794e+00 8.153135838436645244e+00 1.013790362944923551e+01 1.200571772115270086e+01 1.222427527504187061e+01 1.363857771177038813e+01 1.505734734274267872e+01 1.714780624453168656e+01 1.834239354609970007e+01 1.468058806724035925e+01 1.302942673336014501e+01 1.572137713433527573e+01 1.351894333888562549e+01 8.123237839679445571e+00 1.015314896965468527e+01 4.291720167951307729e+00 7.720503286703530144e+00 7.840590475212947830e+00 1.015938206782282549e+01 1.034415762640921876e+01 5.359226809904577671e+00 8.794024391596829915e+00 3.912261110917829132e+00 1.040290271991428384e+01 1.190592255980190650e+01 1.519062724182250612e+01 1.841364314849182549e+01
8.390318289552547881e+00 1.009595547731862908e+01 5.793752583602444162e+00 1.100014386269561584e+01 9.666151767896053570e+00 1.413719420535772464e+01 1.373163154909131656e+01 1.744540332007259664e+01 1.914913575073298091e+01 2.148002255585407738e+01 2.395179444217071918e+01 1.995686661277266083e+01 2.129576298233993725e+01 1.772204911967010688e+01 1.662614215625501046e+01 1.362494719255821529e+01 1.328096630520535548e+01 9.696017017311799435e+00 9.062655957278749952e+00 6.564083104288061854e+00 6.692527250598236499e+00 2.513548089852270628e+00 1.307242135183838583e+00 0.000000000000000000e+00 1.304191703700034566e+00 3.361566747812692046e+00 3.466983703451748333e+00 2.372199612174321182e+00 4.976549507439868236e+00 6.731604117890475081e+00 7.211722471088304331e+00 8.509739596485898616e+00 1.073655037709971438e+01 1.173857546723622036e+01 1.226793853913525112e+01 1.338849614407831723e+01 1.608780361018868277e+01 1.731638879789894148e+01 1.404093209156714117e+01 1.205272886113348285e+01 1.537937323170226023e+01 1.383857366205058170e+01 8.405116358504502116e+00 1.166614885041331817e+01 7.343643033263530739e+00 1.060424424464091686e+01 1.072872732433814846e+01 1.320894284187799705e+01 1.338095250720216889e+01 8.123186259098089224e+00 1.114922943525695054e+01 5.538976800818000257e+00 1.222226288377074610e+01 1.224850839898475208e+01 1.581258340689464781e+01 1.867186691255054853e+01
8.195933015831693425e+00 9.899974797947720617e+00 6.558204174924718188e+00 1.026886488371524031e+01 9.151814355634623865e+00 1.332556302750469079e+01 1.231648200583267183e+01 1.675605720329218684e+01 1.849679588469311042e+01 2.107824577615509298e+01 2.325774197982254776e+01 1.849939796317707419e+01 1.993182387540086609e+01 1.633328996252745213e+01 1.524057220054417705e+01 1.180054524164031982e+01 1.087515940113063273e+01 7.134557309322000940e+00 6.204455576438596687e+00 4.316651827516322371e+00 3.525354308434827999e+00 2.495913660365678410e+00 3.204991887665240125e+00 1.304191703700034566e+00 0.000000000000000000e+00 1.308352781171806090e+00 3.281932357621040186e+00 2.966041638278194892e+00 2.703648460876524773e+00 4.660222526875728910e+00 6.355309433851353162e+00 7.317874964769485402e+00 8.792028093676679035e+00 1.025692205293576365e+01 1.167704937045313685e+01 1.133226839604498437e+01 1.442380480317173586e+01 1.605497359075996755e+01 1.347977603671515112e+01 1.234972360014587522e+01 1.596709084335653017e+01 1.458869024278738991e+01 8.722053714578922978e+00 1.286520431240794515e+01 9.770358744693053765e+00 1.291492102182587942e+01 1.339173823668906849e+01 1.570519309018516907e+01 1.510111585281034863e+01 9.857859098201799952e+00 1.215053595525728269e+01 7.147939633208999943e+00 1.259415717704047033e+01 1.236328734600955492e+01 1.602693863468628876e+01 1.839173384974891690e+01
5.434271064273477059e+00 6.506249687800184311e+00 3.274705788311371712e+00 6.697308713207118736e+00 6.199167766724820616e+00 1.026889726309500084e+01 9.464881087472784671e+00 1.379528810862607457e+01 1.568549071594510380e+01 1.845281761683022737e+01 2.053056231572822554e+01 1.585087953395646743e+01 1.700879331404788530e+01 1.334074398225226332e+01 1.236045654496628998e+01 8.912773810660741702e+00 8.493831173269223100e+00 5.144940815986127625e+00 5.201225720923867257e+00 3.382992905697557173e+00 5.638418927323510133e+00 3.612740372625743213e+00 3.163407182137639495e+00 3.361566747812692046e+00 1.308352781171806090e+00 0.000000000000000000e+00 1.306115615096917981e+00 3.122943963634314368e+00 3.051894165923844771e+00 2.611357692848683687e+00 4.490508768502740722e+00 6.410939010784613146e+00 7.584339457065460977e+00 8.312759650080110418e+00 1.006446039288744032e+01 1.071875300583048229e+01 1.280395837231596090e+01 1.430725333528416776e+01 1.138666557864944018e+01 1.073593228369106356e+01 1.405010537327033582e+01 1.232385272550755495e+01 6.422381334053591573e+00 1.043486300820475421e+01 7.604658900963277901e+00 1.044913072939562859e+01 1.159846563128071750e+01 1.352344992965922010e+01 1.158953691913529305e+01 7.634450995323763145e+00 8.984249217380382291e+00 4.737351686332776701e+00 9.872618801513610265e+00 9.833628475796713175e+00 1.339256932033581116e+01 1.595829329847023281e+01
8.441970504568230282e+00 9.275879095805422025e+00 6.038600003312025954e+00 8.349641788723634050e+00 5.744085131681109679e+00 1.032490125860775443e+01 9.119038381320697439e+00 1.295676661053983736e+01 1.442622701887087366e+01 1.674004375740995343e+01 1.912219623892611509e+01 1.510703283242609452e+01 1.671616520018870844e+01 1.341995577488986946e+01 1.299262055937908045e+01 9.728266032546601494e+00 1.018105741070150394e+01 6.895072008325946022e+00 7.557629324067171694e+00 5.836334037732933133e+00 8.366622436802082063e+00 5.519775448331207812e+00 2.690289575491827900e+00 3.466983703451748333e+00 3.281932357621040186e+00 1.306115615096917981e+00 0.000000000000000000e+00 1.309264297229554952e+00 3.375414196806075129e+00 3.232562760411621383e+00 2.401803697224233591e+00 4.534908819370021327e+00 6.735734109954163884e+00 6.803660338376689154e+00 7.950391814244126110e+00 9.923636984493134250e+00 1.155738504160867741e+01 1.262510677182573282e+01 9.215496839563236620e+00 7.155765787111817211e+00 1.022369023396151455e+01 9.129925629488994332e+00 4.052524768585628046e+00 7.545897428404391150e+00 6.560327049774272723e+00 9.683148764735570069e+00 1.138312404395208510e+01 1.374118022587579624e+01 1.290527597535209736e+01 9.365078536776934470e+00 9.205314877830089060e+00 3.525220276805408393e+00 8.124447673534492154e+00 7.826296058800740418e+00 1.121272946253498226e+01 1.399312641978196403e+01
1.080667039378919903e+01 1.185285611150325380e+01 8.654340240596045675e+00 1.069033961106942421e+01 7.587016343728278045e+00 1.225859637152639081e+01 9.954543384806759931e+00 1.446186882805953466e+01 1.556975931092064158e+01 1.770392459315165468e+01 1.986090778388540912e+01 1.534384977767965452e+01 1.756317010109507493e+01 1.454542849145393824e+01 1.426947994847744994e+01 1.064059147792076487e+01 1.149894129909358220e+01 8.290131603297982821e+00 8.791864591768916881e+00 7.442971315274566457e+00 9.203384812122113345e+00 6.230442520399333439e+00 4.603589577709986003e+00 2.372199612174321182e+00 2.966041638278194892e+00 3.122943963634314368e+00 1.309264297229554952e+00 0.000000000000000000e+00 1.305954440246672954e+00 3.159637953943457589e+00 3.067904333580171894e+00 2.702447224276544713e+00 4.832915165818659986e+00 6.403348264775234000e+00 7.254621492538394278e+00 7.434303464346878165e+00 1.024338137530766701e+01 1.169884823390747108e+01 9.483965468094030626e+00 8.527376267058935255e+00 1.239778919807882573e+01 1.194995514635933631e+01 6.227551204125100881e+00 1.089612688068563351e+01 9.500304995104103867e+00 1.263446480860982035e+01 1.382441253724728902e+01 1.626301943059775112e+01 1.557037741995999269e+01 1.207677080183274931e+01 1.162129721674822314e+01 6.433457934890070007e+00 1.096548931876731281e+01 9.826679652863422376e+00 1.353969205705949541e+01 1.467848265319000944e+01
