0.000000000000000000e+00 1.327476553465257503e+00 2.925583360630833685e+00 3.072189772784228889e+00 2.722400595063117379e+00 4.500332209959618801e+00 6.328959077131091071e+00 7.263292435252763468e+00 7.819625054949886689e+00 1.059032624615502804e+01 1.205922572141346372e+01 1.275637679750798448e+01 1.486600753396822583e+01 1.661791722810052008e+01 1.781538935864158901e+01 1.903412871659746131e+01 2.089038920173580749e+01 2.226628536599672969e+01 2.170700847652665644e+01 2.549521315855194104e+01 2.630681115224724564e+01 2.700854831345068874e+01 2.984605069351722406e+01 3.162701146172366506e+01 3.148112097750015437e+01 3.326434229020619426e+01 3.622163545451806499e+01 3.745421693214263570e+01 3.860057012532328002e+01 3.994651681936736765e+01 4.232447393648266143e+01 4.229223269112190309e+01 3.112861384642754636e+00 6.882531656302059986e+00 8.871550259114805215e+00 3.808854420951266473e+00 8.146343351467576710e+00 1.085876572175677879e+01 1.051548638913103595e+01 8.463033675934418909e+00 1.234824048194721513e+01 1.484218262251209630e+01 1.294253553211270891e+01 1.238157542479954465e+01 1.771708060036980115e+01 1.876529181760838227e+01 1.742331059242186697e+01 1.996618180824766497e+01 2.277402039605655659e+01 2.296594968643796264e+01 2.377473164937934769e+01 2.630257097699766788e+01 2.844444335894095488e+01 2.741757483804867590e+01 2.792511217524470624e+01 3.216882680484322776e+01 3.258878722812495710e+01 2.743454699826479626e+01 3.527209734336760505e+01 3.759551300354870307e+01 3.679552620903797333e+01 3.879011252883910288e+01 4.106465545940937290e+01 4.237218867370435760e+01
1.327476553465257503e+00 0.000000000000000000e+00 1.329522094588879266e+00 3.653581941054561355e+00 3.875298311098127169e+00 3.114500602022737930e+00 4.972125601792455107e+00 7.178425314788751344e+00 6.502467377849733055e+00 9.159838099005899181e+00 1.106056576310633233e+01 1.249967447576135804e+01 1.349608687731373458e+01 1.537491570708600541e+01 1.701210022307650860e+01 1.831370748920053870e+01 1.979564884008604508e+01 2.133696084263173276e+01 2.148751276904797791e+01 2.437585916434536060e+01 2.503258634260550863e+01 2.651081051194021398e+01 2.905728366520174077e+01 3.060719007030864347e+01 3.040803101156008381e+01 3.280260584160959070e+01 3.532207917153235144e+01 3.611366400685479761e+01 3.770085715205955523e+01 3.942962502991881024e+01 4.117543624541214342e+01 4.103461019675951604e+01 7.448678070637765991e+00 1.037063397290638100e+01 1.091742327657950717e+01 5.711066975618480868e+00 1.004540053955042644e+01 1.281676421722737480e+01 1.196947342200148690e+01 9.430684015489013916e+00 1.379662643547327328e+01 1.623723828118562551e+01 1.312747058652198717e+01 1.252243514656793621e+01 1.833199719070456268e+01 1.938893382834651646e+01 1.684971768309486961e+01 1.993175632000351172e+01 2.284407290743049401e+01 2.282790846748777014e+01 2.314654801476885382e+01 2.588547364836115960e+01 2.811010558500269596e+01 2.657372864315431116e+01 2.702566328510735971e+01 3.150346685683974002e+01 3.199762786520275526e+01 2.624636845355943393e+01 3.418074857284432966e+01 3.662808384286570629e+01 3.567048063875786568e+01 3.746163985999545076e+01 3.983113573575325006e+01 4.144736393306575195e+01
2.925583360630833685e+00 1.329522094588879266e+00 0.000000000000000000e+00 1.327403857158778289e+00 3.192051691310776818e+00 3.165137279803198922e+00 2.708393804453112619e+00 4.739093795231321238e+00 6.500265917637523927e+00 7.343962758620171449e+00 8.681479654989695760e+00 1.041541665033137498e+01 1.214542539394977361e+01 1.280989547186080735e+01 1.470568121509506909e+01 1.635538963155570968e+01 1.796828236087133490e+01 1.874635809964165034e+01 1.954299478073921037e+01 2.271559242018574665e+01 2.263849626189866626e+01 2.394589881378437468e+01 2.696730323929331874e+01 2.866183005322584165e+01 2.795043001458117260e+01 3.049710540362806555e+01 3.324689069672530906e+01 3.408772327392956925e+01 3.536720381935784019e+01 3.731036043781941203e+01 3.923627232548983557e+01 3.873407628948959314e+01 9.143570090506226933e+00 1.093990283320651891e+01 1.069231518428071759e+01 6.088476738889621487e+00 8.687381481205944667e+00 1.111754613212825937e+01 1.022454590678725417e+01 6.396030409558730589e+00 1.089474409979417580e+01 1.342806095458313109e+01 1.077954739309587140e+01 8.847112579819473410e+00 1.514391135077064554e+01 1.696874494475062889e+01 1.388017701616229438e+01 1.660322540954016191e+01 1.970679590902589950e+01 2.030658536041941176e+01 2.012885359378422478e+01 2.282211948965301573e+01 2.512711543333217534e+01 2.385959886502704919e+01 2.405805806793225088e+01 2.856174725047471696e+01 2.939466592768150832e+01 2.355484427883147802e+01 3.143856849476451742e+01 3.387059243650751483e+01 3.323664837194027655e+01 3.487354153222754860e+01 3.719926260021829734e+01 3.889202657357931514e+01
3.072189772784228889e+00 3.653581941054561355e+00 1.327403857158778289e+00 0.000000000000000000e+00 1.325755256448186037e+00 3.297229139747493321e+00 3.054709478821186153e+00 2.759898730026159264e+00 4.705501673573181165e+00 6.637704196482396846e+00 7.491300154178847315e+00 8.544703213102257777e+00 1.059166148439422095e+01 1.213891910344574221e+01 1.313660614466308729e+01 1.452414503507865895e+01 1.647615155307816437e+01 1.749722655165669494e+01 1.727154619598373131e+01 2.102868084307715435e+01 2.168432664391495379e+01 2.222129687934527453e+01 2.524479346320741868e+01 2.710649813236671335e+01 2.676688511949046401e+01 2.858027062503082760e+01 3.162237533772566067e+01 3.292404071495477780e+01 3.385321664184955637e+01 3.535401104542453510e+01 3.770160342744059534e+01 3.763955285334829881e+01 4.024691540975532611e+00 5.709699116415855258e+00 6.531618941732591388e+00 3.586614002091666809e+00 3.389717392349988145e+00 6.109180468769928929e+00 7.220693941720560893e+00 4.485656473694793256e+00 7.767205803891122251e+00 1.053458485181072213e+01 8.319528412115678506e+00 7.896399812572812316e+00 1.329232387507918034e+01 1.435365883668690401e+01 1.263745073185252821e+01 1.536427040246297970e+01 1.807656798178238233e+01 1.823565507460590496e+01 1.903493992635647913e+01 2.154142086771436837e+01 2.364666058875967636e+01 2.264012162069806422e+01 2.326036657062824275e+01 2.739170759554796319e+01 2.778990802431702889e+01 2.278958727138339313e+01 3.057043490040663514e+01 3.284393090054842901e+01 3.208877140060055666e+01 3.413203848292685905e+01 3.639260827420865496e+01 3.760045922591903178e+01
2.722400595063117379e+00 3.875298311098127169e+00 3.192051691310776818e+00 1.325755256448186037e+00 0.000000000000000000e+00 1.333127900840724633e+00 3.233534753176467103e+00 3.240926256489033541e+00 3.020516181052504745e+00 5.226383166205863517e+00 7.053547050952452047e+00 7.131260056960478266e+00 9.193209831174311120e+00 1.117972978206539914e+01 1.250012243940034473e+01 1.347451323796151179e+01 1.524523735466260632e+01 1.707331019456977117e+01 1.634454777594045183e+01 1.975366378675105494e+01 2.114914073904658665e+01 2.191053648361901907e+01 2.431568911217611273e+01 2.600491886163077737e+01 2.627327160823333685e+01 2.794056855183874433e+01 3.066343633711003491e+01 3.192240744367504846e+01 3.326263328421248389e+01 3.449455274387538140e+01 3.678079989614146683e+01 3.695163840751855133e+01 7.713604215929154684e+00 9.148575736146037585e+00 5.928109648108747187e+00 3.545269665342821952e+00 7.152790434508758288e+00 9.573112868863502101e+00 6.579424366918431133e+00 6.353127891047053666e+00 1.037527551441406004e+01 1.237895609492173854e+01 8.227085085253465380e+00 1.060127468750810031e+01 1.461656560208313849e+01 1.444709126433414959e+01 1.267742848530411059e+01 1.614428422073893188e+01 1.885678716006520617e+01 1.799399049682977036e+01 1.944898295541440447e+01 2.202502456298289957e+01 2.397866628901616082e+01 2.251423107725422668e+01 2.359438443782757489e+01 2.761405781481599320e+01 2.749440084817270957e+01 2.269325869063321832e+01 3.050751258296880764e+01 3.277137539072780470e+01 3.156054540086404003e+01 3.379036059292649696e+01 3.617868238341468867e+01 3.721119533151279768e+01
4.500332209959618801e+00 3.114500602022737930e+00 3.165137279803198922e+00 3.297229139747493321e+00 1.333127900840724633e+00 0.000000000000000000e+00 1.333950898646574679e+00 3.508625656863384457e+00 3.425100436483578648e+00 3.297537262867548780e+00 5.483947939213134504e+00 7.149667404851781427e+00 8.016107596583269768e+00 9.436932711426949894e+00 1.129700721430237742e+01 1.267445580685813944e+01 1.392913360550468838e+01 1.554921142695024194e+01 1.625984689349810708e+01 1.849784598270836256e+01 1.912813166516792762e+01 2.090450932215343727e+01 2.324730840333994664e+01 2.470959509987972424e+01 2.451810714553633730e+01 2.715243668623499573e+01 2.944082215224296206e+01 3.011610243706844514e+01 3.176833539863239153e+01 3.374497124017148053e+01 3.520256555991338843e+01 3.506803242270657250e+01 1.056200194092010491e+01 1.182485944948184198e+01 1.071893226958730416e+01 6.000089499332489140e+00 9.750225023044340134e+00 1.193956887831382296e+01 9.359872435028160353e+00 7.321668184232335896e+00 1.158950891970837738e+01 1.355737946654883430e+01 8.761977744778857158e+00 9.935667164312622646e+00 1.466110374426154550e+01 1.517092867955024005e+01 1.146435920581695633e+01 1.534776250793580488e+01 1.817654425351529568e+01 1.756121000956369116e+01 1.789107025865137857e+01 2.071505862892982464e+01 2.284380559363960117e+01 2.088791138433902717e+01 2.166514791087288927e+01 2.604231975074417349e+01 2.630752563431232005e+01 2.056840064273350066e+01 2.849700814120668468e+01 3.092824637770463525e+01 2.975547631949453731e+01 3.167327734857888188e+01 3.406246329906279158e+01 3.559457221262814386e+01
6.328959077131091071e+00 4.972125601792455107e+00 2.708393804453112619e+00 3.054709478821186153e+00 3.233534753176467103e+00 1.333950898646574679e+00 0.000000000000000000e+00 1.333825700757036437e+00 2.967941542550998513e+00 2.750329071220386279e+00 2.888448199293177865e+00 4.809766106579404621e+00 6.597210471100644291e+00 7.632510792655323506e+00 8.905002751262907523e+00 1.062038709275702431e+01 1.222867388558546864e+01 1.314772565883544608e+01 1.403301603362584338e+01 1.693375129733515294e+01 1.707579599901568201e+01 1.827999059080720912e+01 2.115942971821310437e+01 2.286656340598647930e+01 2.230910648143488473e+01 2.475461577160914217e+01 2.743692637669168732e+01 2.839132737298486830e+01 2.962837670207397522e+01 3.154135326836817654e+01 3.343725015607594031e+01 3.310094240350265693e+01 1.034808470201128650e+01 1.077369579113871190e+01 1.038851428261038734e+01 7.181521913912119359e+00 7.378499440943261156e+00 9.140394411621416637e+00 7.515059880000957371e+00 3.279561098683784426e+00 6.667003899803869871e+00 9.199099684208231764e+00 5.976562389869279457e+00 3.114679758819517641e+00 9.876135934665946081e+00 1.230091252712578331e+01 8.579831117219033132e+00 1.108914757769955983e+01 1.461375471944154647e+01 1.478383316329022890e+01 1.506071489007078945e+01 1.777831279958815358e+01 1.991331890971467189e+01 1.835407638645976647e+01 1.908178833338217117e+01 2.333199764272232102e+01 2.374370777700904966e+01 1.829243917579063350e+01 2.615841327374426228e+01 2.850716032859113014e+01 2.761137622430290861e+01 2.957486635641825146e+01 3.188681097256356267e+01 3.327317978492587969e+01
7.263292435252763468e+00 7.178425314788751344e+00 4.739093795231321238e+00 2.759898730026159264e+00 3.240926256489033541e+00 3.508625656863384457e+00 1.333825700757036437e+00 0.000000000000000000e+00 1.328160005421032297e+00 3.167852584954041539e+00 3.445928757243828411e+00 2.843211916125847338e+00 4.872870406649452590e+00 6.897970788572536094e+00 7.704265182351915264e+00 8.656757707132619828e+00 1.069105705718569510e+01 1.236018600183670380e+01 1.152727005843100727e+01 1.516357691971126087e+01 1.667626591896399191e+01 1.696489952814339475e+01 1.947251904608132733e+01 2.129852741388474513e+01 2.156976940071450954e+01 2.298345757278482182e+01 2.585921717685978294e+01 2.735798300313822651e+01 2.840028052678353276e+01 2.960616601318042740e+01 3.198712012670099725e+01 3.230140325125210410e+01 8.080088242092411832e+00 7.965604057445988317e+00 6.359200421436643325e+00 4.008006986021855234e+00 5.783871454311550586e+00 6.706410440764865477e+00 4.177989348957224180e+00 3.316531019001631275e+00 6.495476118037843527e+00 8.362396666028226733e+00 3.723657073362153014e+00 7.816272641099464735e+00 1.089715797811521192e+01 1.002007649671398681e+01 8.099610978312478338e+00 1.188197146941533333e+01 1.448335448023005334e+01 1.303656285222450784e+01 1.506805631128315248e+01 1.751228842841506150e+01 1.927410620495798810e+01 1.782145919951562263e+01 1.931434456563307833e+01 2.298300463385934478e+01 2.256965509262381175e+01 1.835686212292285902e+01 2.599639700035372059e+01 2.813187860772898929e+01 2.685942942431949731e+01 2.928050832892079569e+01 3.167170930025722342e+01 3.239627893755700683e+01
7.819625054949886689e+00 6.502467377849733055e+00 6.500265917637523927e+00 4.705501673573181165e+00 3.020516181052504745e+00 3.425100436483578648e+00 2.967941542550998513e+00 1.328160005421032297e+00 0.000000000000000000e+00 1.315356225514595634e+00 3.512539394796875492e+00 3.290662243378982943e+00 3.177497442957269325e+00 5.380843149544501713e+00 7.159687004331960480e+00 7.660668508687735745e+00 9.157482241315021199e+00 1.120587140743637100e+01 1.136204123386286469e+01 1.371309439915003026e+01 1.528094267380124549e+01 1.670478967242628698e+01 1.847802765448736650e+01 1.995922703914157026e+01 2.056978040718956890e+01 2.246380702374377236e+01 2.470405316946998653e+01 2.579321158754760290e+01 2.734631137831938119e+01 2.886013246677845245e+01 3.076239077184996518e+01 3.099971545030695808e+01 1.216089643077351745e+01 1.227880751539008131e+01 1.010989638918223399e+01 6.869712876096059517e+00 1.021520107486876761e+01 1.075411302711664696e+01 6.747569710643972485e+00 6.881723475990590089e+00 1.017753241213212689e+01 1.112232444230970962e+01 5.901848100383471518e+00 1.005482575681945789e+01 1.285509743253624571e+01 1.163986370195115327e+01 8.419841684972467988e+00 1.299631747842441776e+01 1.556412345749030557e+01 1.334979329427987693e+01 1.521475957746292984e+01 1.782944502781844776e+01 1.952987721415574995e+01 1.732201818495754608e+01 1.905454276544047687e+01 2.280108953537089178e+01 2.213835452331541376e+01 1.755515608019478790e+01 2.523895522798041569e+01 2.745953739595771026e+01 2.577314658709719808e+01 2.817367618895340087e+01 3.068056717207164041e+01 3.154950828459930179e+01
1.059032624615502804e+01 9.159838099005899181e+00 7.343962758620171449e+00 6.637704196482396846e+00 5.226383166205863517e+00 3.297537262867548780e+00 2.750329071220386279e+00 3.167852584954041539e+00 1.315356225514595634e+00 0.000000000000000000e+00 1.324224678821533940e+00 2.930237021129860064e+00 2.760059600805751412e+00 2.942192039959324656e+00 4.938624201131323943e+00 6.580491850918137153e+00 7.642002486259738880e+00 9.093841267583245624e+00 1.064303744238457661e+01 1.237786512287155283e+01 1.279704481511259040e+01 1.452835190240104346e+01 1.680208073424241277e+01 1.830543818104336040e+01 1.806487102085149132e+01 2.074224156160563481e+01 2.297448580490975800e+01 2.375629135618605048e+01 2.525166958836583575e+01 2.726369254154689870e+01 2.893686957844611030e+01 2.866447273193770329e+01 1.451908747132546473e+01 1.466713860983116291e+01 1.280913552898867458e+01 9.520170691747077640e+00 1.245572310225303703e+01 1.259393496886497310e+01 9.070194595486913869e+00 8.258103959142195194e+00 1.112773710149552464e+01 1.081272204396284309e+01 5.730509575945231582e+00 7.980436140963726999e+00 1.138493148859491377e+01 1.086806008448609973e+01 5.804740218132075746e+00 1.056615440924464444e+01 1.317699981027548084e+01 1.163097751695875459e+01 1.227348434634598995e+01 1.503781530010260603e+01 1.691644179489292199e+01 1.459116462109862056e+01 1.553385274167358610e+01 1.998307431302801618e+01 1.985594696810001381e+01 1.456447863811128762e+01 2.236958797117193498e+01 2.468839988739651403e+01 2.331676817228322918e+01 2.545788964152370681e+01 2.789858672047743937e+01 2.912318337682198077e+01
1.205922572141346372e+01 1.106056576310633233e+01 8.681479654989695760e+00 7.491300154178847315e+00 7.053547050952452047e+00 5.483947939213134504e+00 2.888448199293177865e+00 3.445928757243828411e+00 3.512539394796875492e+00 1.324224678821533940e+00 0.000000000000000000e+00 1.334231239328475649e+00 3.250261989440236476e+00 3.476642201895387529e+00 3.030288105114759212e+00 4.927241012980795531e+00 6.948331382425569025e+00 7.641378540551437837e+00 8.283517429208441030e+00 1.117386723565301843e+01 1.198341424636568320e+01 1.225680765941931583e+01 1.519012659591749603e+01 1.710891294033610066e+01 1.677287804761007806e+01 1.862470155465585009e+01 2.152931979882318814e+01 2.294832730287765798e+01 2.372044244949912439e+01 2.544706179502851384e+01 2.757140094373153261e+01 2.762283443095585156e+01 1.261775534712890412e+01 1.203427962114891336e+01 1.054870598699196016e+01 7.929895711798485181e+00 8.101574229740785782e+00 8.080748047056040662e+00 5.506902850060095389e+00 3.704273613004308352e+00 5.826264154670641737e+00 6.389785207657609156e+00 3.395802261616539752e+00 3.796946536363132729e+00 6.499045314505814908e+00 7.656499526546057588e+00 3.394109308787801371e+00 7.195083668728250892e+00 1.006927912017538773e+01 8.751956181334549001e+00 1.010457549825820323e+01 1.278126672126045626e+01 1.452421805124117604e+01 1.290809722616002198e+01 1.424800438657989687e+01 1.810148640305541434e+01 1.780659745712246078e+01 1.358350547539183673e+01 2.111701917885192259e+01 2.322317829238711440e+01 2.208422063374662159e+01 2.446778571918595091e+01 2.682181858114770279e+01 2.757825957162634722e+01
1.275637679750798448e+01 1.249967447576135804e+01 1.041541665033137498e+01 8.544703213102257777e+00 7.131260056960478266e+00 7.149667404851781427e+00 4.809766106579404621e+00 2.843211916125847338e+00 3.290662243378982943e+00 2.930237021129860064e+00 1.334231239328475649e+00 0.000000000000000000e+00 1.309107329442471546e+00 3.376223185750610423e+00 3.330843887065259690e+00 2.882343664450859766e+00 5.022039625490823944e+00 6.942125971199314627e+00 6.381619857058239198e+00 9.309998174006267391e+00 1.097389784898693321e+01 1.196323915166791529e+01 1.371276285071684775e+01 1.547008212647884129e+01 1.640119907201909655e+01 1.748590063451122489e+01 2.007172593475707956e+01 2.166510410775817519e+01 2.283473588636400464e+01 2.393625127291238996e+01 2.621957263190992649e+01 2.685597324618864334e+01 1.389098128283240108e+01 1.265227066577379134e+01 9.130458969843738615e+00 8.971071619377475770e+00 1.135829128874585869e+01 9.834622209317448238e+00 3.023965277578431810e+00 7.979735396615607712e+00 9.853448381150633040e+00 8.244071870137959834e+00 3.188642030708370712e+00 7.625490279319749654e+00 1.000799535371594651e+01 8.028315576757057315e+00 5.624589940609003413e+00 9.906842382918988221e+00 1.217123173717434526e+01 8.548493668477506802e+00 1.147075110879841375e+01 1.415278492029042390e+01 1.526873426319287397e+01 1.329368192037104635e+01 1.584507055837871725e+01 1.879840453336399619e+01 1.744011490787833196e+01 1.429039915467724242e+01 2.147425775201555354e+01 2.342066030239113417e+01 2.157404723272849623e+01 2.437464853079937654e+01 2.687825256596864421e+01 2.711034131102004707e+01
1.486600753396822583e+01 1.349608687731373458e+01 1.214542539394977361e+01 1.059166148439422095e+01 9.193209831174311120e+00 8.016107596583269768e+00 6.597210471100644291e+00 4.872870406649452590e+00 3.177497442957269325e+00 2.760059600805751412e+00 3.250261989440236476e+00 1.309107329442471546e+00 0.000000000000000000e+00 1.327652816062995900e+00 3.063602781040649425e+00 2.845207549547133397e+00 2.808138351292544854e+00 4.887822214442747892e+00 6.590005766310073732e+00 7.559765604831939712e+00 8.833437439638094801e+00 1.056947501061429406e+01 1.222067714981457343e+01 1.359689942597208656e+01 1.430605508167782780e+01 1.646145686140810582e+01 1.835522347997975601e+01 1.936978383978510010e+01 2.090569702258214946e+01 2.279404330082752139e+01 2.434494033675170144e+01 2.458447851795925487e+01 1.744582434280478722e+01 1.683856255741564212e+01 1.439018481465752330e+01 1.242362225761874939e+01 1.444701789297708316e+01 1.341071153966112206e+01 9.141479530141713994e+00 1.079231471928056685e+01 1.255654868982715477e+01 1.104734004183812779e+01 5.643881111433867837e+00 9.956950235890506207e+00 1.206846092092939671e+01 9.879330189845870080e+00 5.661818877357348789e+00 1.053857044385053499e+01 1.247031663591586614e+01 8.797693504549929600e+00 1.077377148448954181e+01 1.336319355543427001e+01 1.449641852320772450e+01 1.165031072546994473e+01 1.426043414486389338e+01 1.736862395240337165e+01 1.610777610348492672e+01 1.218201374978701956e+01 1.941099082993962099e+01 2.149226395706138959e+01 1.942615456028289955e+01 2.205225512277599620e+01 2.462956552600958915e+01 2.522355369490984600e+01
1.661791722810052008e+01 1.537491570708600541e+01 1.280989547186080735e+01 1.213891910344574221e+01 1.117972978206539914e+01 9.436932711426949894e+00 7.632510792655323506e+00 6.897970788572536094e+00 5.380843149544501713e+00 2.942192039959324656e+00 3.476642201895387529e+00 3.376223185750610423e+00 1.327652816062995900e+00 0.000000000000000000e+00 1.332111481821248500e+00 3.371088399908848121e+00 3.262321106206437005e+00 3.074351964235715773e+00 5.191351461806454459e+00 7.032903454477389182e+00 7.068385459212026767e+00 8.636465133374882086e+00 1.089101464510997630e+01 1.248672871491969261e+01 1.198534730410429283e+01 1.480483333239520150e+01 1.697936550640217845e+01 1.791507147627382324e+01 1.911725759621394971e+01 2.112579262418335801e+01 2.289704797566708194e+01 2.266954498881704438e+01 1.856002766700524376e+01 1.808100796415952161e+01 1.624436006742032390e+01 1.390136011331265209e+01 1.416065019693658122e+01 1.375167262553904912e+01 1.091574321793985725e+01 9.374179750783531162e+00 1.071802435153046318e+01 1.006143613009594162e+01 6.984505494306666229e+00 7.095736818682045310e+00 8.569666329560329032e+00 7.942378736877259371e+00 3.038985686047237511e+00 6.009227071762225592e+00 8.215322574311979764e+00 7.008187854217379886e+00 5.758877928902471410e+00 8.816269165582458101e+00 1.120195313327100273e+01 8.788602960653078000e+00 9.253806892301136955e+00 1.382672072474164082e+01 1.375596427009026534e+01 8.652299636512827519e+00 1.646405360171060650e+01 1.884429940326782216e+01 1.725347904047180947e+01 1.968646067732846916e+01 2.216283190388809388e+01 2.298350197424230501e+01
1.781538935864158901e+01 1.701210022307650860e+01 1.470568121509506909e+01 1.313660614466308729e+01 1.250012243940034473e+01 1.129700721430237742e+01 8.905002751262907523e+00 7.704265182351915264e+00 7.159687004331960480e+00 4.938624201131323943e+00 3.030288105114759212e+00 3.330843887065259690e+00 3.063602781040649425e+00 1.332111481821248500e+00 0.000000000000000000e+00 1.324178613329788590e+00 3.071829096808610160e+00 2.898956536410991269e+00 2.937048007779239356e+00 5.254957088311950741e+00 6.754591771528462907e+00 7.069540366954560007e+00 9.116180614709211483e+00 1.114189943411804684e+01 1.170649789646758698e+01 1.273729300126208308e+01 1.550142993404156933e+01 1.712464989423141404e+01 1.801456663369951983e+01 1.941385136957631019e+01 2.160622694965504564e+01 2.221784339219268034e+01 1.782473795038794506e+01 1.596104460867145214e+01 1.312390380184189098e+01 1.279747150807533806e+01 1.351068044178382976e+01 1.088025312205557249e+01 7.862562686554558589e+00 9.509350608742952460e+00 9.997902029926077461e+00 7.170980476894355249e+00 4.531050871486658416e+00 7.423523489556693278e+00 7.825573333628663697e+00 2.943705997547989561e+00 2.990562488897364535e+00 6.913861800759399934e+00 8.664089623266832518e+00 4.529636078097222907e+00 7.693386835458100315e+00 1.037099305756203904e+01 1.068473331440705643e+01 8.794732343852199818e+00 1.186827274711867908e+01 1.426965097681089212e+01 1.247905837793861927e+01 1.047470830142777842e+01 1.696714371955397738e+01 1.861119289567436752e+01 1.684273594164558574e+01 1.983504335765364601e+01 2.229765433851731515e+01 2.221744931354632158e+01
1.903412871659746131e+01 1.831370748920053870e+01 1.635538963155570968e+01 1.452414503507865895e+01 1.347451323796151179e+01 1.267445580685813944e+01 1.062038709275702431e+01 8.656757707132619828e+00 7.660668508687735745e+00 6.580491850918137153e+00 4.927241012980795531e+00 2.882343664450859766e+00 2.845207549547133397e+00 3.371088399908848121e+00 1.324178613329788590e+00 0.000000000000000000e+00 1.324548602354779447e+00 3.342437134786530706e+00 3.201176502475300278e+00 3.386912753526432063e+00 5.430413059795728081e+00 7.096594746778203344e+00 8.009047696199591115e+00 9.526206642730357999e+00 1.122349891967741087e+01 1.229481227998215331e+01 1.414169318009692944e+01 1.582932430648889088e+01 1.722713380107091297e+01 1.831382365864649131e+01 2.035788596588555421e+01 2.137802268686231955e+01 2.037979909125701283e+01 1.920169109740077218e+01 1.653171385549604722e+01 1.532793348759055618e+01 1.639049364723344837e+01 1.458836289650075990e+01 1.087665481662445721e+01 1.225816062874034884e+01 1.299919405194029842e+01 1.053622195096515668e+01 7.305426339372672828e+00 1.037719914042320113e+01 1.078173395145697278e+01 7.921859188347140091e+00 5.607575055226637240e+00 9.505077064390379249e+00 1.091766302832249913e+01 6.390513985588326840e+00 9.622160776041939201e+00 1.232910183265593851e+01 1.234170806655221497e+01 1.018420242336138948e+01 1.335503493069186831e+01 1.568664709235214616e+01 1.290079516929092307e+01 1.173116716273363735e+01 1.763728703627629812e+01 1.910667676494266587e+01 1.652734588492659284e+01 1.983082597876346398e+01 2.244387499965190713e+01 2.198929171210386713e+01
2.089038920173580749e+01 1.979564884008604508e+01 1.796828236087133490e+01 1.647615155307816437e+01 1.524523735466260632e+01 1.392913360550468838e+01 1.222867388558546864e+01 1.069105705718569510e+01 9.157482241315021199e+00 7.642002486259738880e+00 6.948331382425569025e+00 5.022039625490823944e+00 2.808138351292544854e+00 3.262321106206437005e+00 3.071829096808610160e+00 1.324548602354779447e+00 0.000000000000000000e+00 1.324446299402129101e+00 3.094339671076852483e+00 3.083977950634537724e+00 2.803272551857917350e+00 4.841886202710674603e+00 6.721565740212618323e+00 7.734944990108203910e+00 8.700210802043820024e+00 1.074426586603291334e+01 1.245492677617977684e+01 1.330827509484230831e+01 1.485288766536662663e+01 1.687569287466443768e+01 1.829619260939280778e+01 1.855065864059817926e+01 2.285857244011533140e+01 2.183843593300582597e+01 1.921808840649870831e+01 1.787126553996666445e+01 1.895924289100173965e+01 1.731173697235491460e+01 1.350145551412883904e+01 1.465488645469489626e+01 1.544784428326489945e+01 1.305921329942963993e+01 9.883964639758684001e+00 1.261776121187907052e+01 1.258785374875319896e+01 1.001810391241775733e+01 7.077798739721271382e+00 1.092851947886812347e+01 1.090865683757629157e+01 7.293750269922873564e+00 8.779785304892140374e+00 1.109316366056139991e+01 1.050502822461700703e+01 7.658279963542727664e+00 1.076896917072381399e+01 1.321294388090708516e+01 1.096008845767222795e+01 8.664984420066776494e+00 1.445455115179990457e+01 1.625572496076382123e+01 1.355002261990731860e+01 1.652317390818119947e+01 1.918160363473294083e+01 1.936259251753235233e+01
2.226628536599672969e+01 2.133696084263173276e+01 1.874635809964165034e+01 1.749722655165669494e+01 1.707331019456977117e+01 1.554921142695024194e+01 1.314772565883544608e+01 1.236018600183670380e+01 1.120587140743637100e+01 9.093841267583245624e+00 7.641378540551437837e+00 6.942125971199314627e+00 4.887822214442747892e+00 3.074351964235715773e+00 2.898956536410991269e+00 3.342437134786530706e+00 1.324446299402129101e+00 0.000000000000000000e+00 1.322699134346131178e+00 3.168758431941446130e+00 3.245993222420528124e+00 2.836291240334815278e+00 4.870835451952775230e+00 6.954478844600793686e+00 7.047021356573287321e+00 8.524158961445991167e+00 1.095157728366101679e+01 1.245005803199326522e+01 1.315407541410645997e+01 1.499014116010920006e+01 1.691457560803699423e+01 1.738273954243116393e+01 2.310570239140113458e+01 2.196016705309866168e+01 1.980414206674957001e+01 1.800209601685314809e+01 1.797689778576937769e+01 1.651833659906468910e+01 1.384489241561666972e+01 1.298346679435042006e+01 1.293384962027933938e+01 1.091514878506014696e+01 8.482752619285793827e+00 8.411264530378293358e+00 8.152970194965757145e+00 6.147302985862986624e+00 3.793091087754155488e+00 5.924712313690853271e+00 6.349880786282527723e+00 4.175780765318026333e+00 3.736684760586583831e+00 6.120767925677301768e+00 7.418604046584506229e+00 5.110809427086868695e+00 7.185593225336376122e+00 1.044919317459487118e+01 7.921621109343719880e+00 5.392411890796175555e+00 1.268706546053893369e+01 1.410484243088167311e+01 1.201561022170742632e+01 1.527237879310227342e+01 1.774180469963526718e+01 1.733992540353042955e+01
2.170700847652665644e+01 2.148751276904797791e+01 1.954299478073921037e+01 1.727154619598373131e+01 1.634454777594045183e+01 1.625984689349810708e+01 1.403301603362584338e+01 1.152727005843100727e+01 1.136204123386286469e+01 1.064303744238457661e+01 8.283517429208441030e+00 6.381619857058239198e+00 6.590005766310073732e+00 5.191351461806454459e+00 2.937048007779239356e+00 3.201176502475300278e+00 3.094339671076852483e+00 1.322699134346131178e+00 0.000000000000000000e+00 1.322998488283338991e+00 3.404047737620612413e+00 3.794410362625530553e+00 3.281096463074501646e+00 5.501992911663918129e+00 7.349961972690744361e+00 7.294018645438192117e+00 9.583904997442326490e+00 1.157683363446153990e+01 1.281946824170175958e+01 1.330579580483632718e+01 1.577897201974830921e+01 1.732001353925567955e+01 2.182706984457603028e+01 2.013627597148986226e+01 1.727954843159970721e+01 1.676092246864712365e+01 1.757246007251119124e+01 1.510226794226615610e+01 1.145667233536859086e+01 1.384351440205845840e+01 1.374259782573877153e+01 1.068775065203151087e+01 8.350305443515225079e+00 1.181499534489963210e+01 1.072426137316691808e+01 6.590855938343668896e+00 7.983249087934061627e+00 1.002514927569659875e+01 8.850326378162556296e+00 3.579768986959910748e+00 7.611457153528489172e+00 9.978724066733182241e+00 9.098927739025079120e+00 7.318936261506860497e+00 1.042112282817931224e+01 1.262497627720543569e+01 8.781529308725218641e+00 9.485300364247828853e+00 1.493055963452140666e+01 1.485622583296309429e+01 1.284977108745521512e+01 1.672347218731804119e+01 1.921287609911644623e+01 1.769441383601050433e+01
2.549521315855194104e+01 2.437585916434536060e+01 2.271559242018574665e+01 2.102868084307715435e+01 1.975366378675105494e+01 1.849784598270836256e+01 1.693375129733515294e+01 1.516357691971126087e+01 1.371309439915003026e+01 1.237786512287155283e+01 1.117386723565301843e+01 9.309998174006267391e+00 7.559765604831939712e+00 7.032903454477389182e+00 5.254957088311950741e+00 3.386912753526432063e+00 3.083977950634537724e+00 3.168758431941446130e+00 1.322998488283338991e+00 0.000000000000000000e+00 1.337834444167141479e+00 3.059799013007226787e+00 3.038262990591829027e+00 2.984209778148982917e+00 4.844760571999405130e+00 6.771688194239307457e+00 7.872918201023049178e+00 9.202215222434215747e+00 1.083769597285327002e+01 1.259790998539043549e+01 1.380583188366423464e+01 1.485509451333110853e+01 2.676132197780969690e+01 2.538131375638384668e+01 2.264005348933610406e+01 2.164070553378516948e+01 2.241929211638940345e+01 2.031285044005395335e+01 1.678320961556519819e+01 1.806316287364978379e+01 1.812511961339841804e+01 1.528260161098233993e+01 1.336678252235742725e+01 1.494604663447829651e+01 1.392176030536368536e+01 1.096294572640036336e+01 1.042672311898613913e+01 1.272426017495712891e+01 1.153914637224088757e+01 7.139111849523020581e+00 9.958594529350014213e+00 1.209141567393992212e+01 1.032493980611993578e+01 8.344884660676864740e+00 1.109386213182767023e+01 1.284061961121814299e+01 8.842992988801926302e+00 9.995565966967554061e+00 1.345093190080151935e+01 1.420602942415649039e+01 1.071983512000067940e+01 1.447265400678120351e+01 1.712792929691152111e+01 1.605472407112623046e+01
2.630681115224724564e+01 2.503258634260550863e+01 2.263849626189866626e+01 2.168432664391495379e+01 2.114914073904658665e+01 1.912813166516792762e+01 1.707579599901568201e+01 1.667626591896399191e+01 1.528094267380124549e+01 1.279704481511259040e+01 1.198341424636568320e+01 1.097389784898693321e+01 8.833437439638094801e+00 7.068385459212026767e+00 6.754591771528462907e+00 5.430413059795728081e+00 2.803272551857917350e+00 3.245993222420528124e+00 3.404047737620612413e+00 1.337834444167141479e+00 0.000000000000000000e+00 1.322337702706837259e+00 3.400595389045864003e+00 3.562082256209140763e+00 2.940340626526117607e+00 5.065420120779716484e+00 7.115026423000831990e+00 7.916913161074839778e+00 8.917350279090758391e+00 1.108745245762073139e+01 1.268122636025396588e+01 1.276225027179768468e+01 2.793303187983717706e+01 2.691051084613593858e+01 2.454767610182275561e+01 2.286319325903535926e+01 2.305887640367587466e+01 2.162350066478598620e+01 1.883617055030029164e+01 1.807559904954743146e+01 1.814521041487257236e+01 1.605389093023868696e+01 1.366834946143827700e+01 1.351967684525040703e+01 1.307485671049591147e+01 1.087705038142234493e+01 8.852180352884818859e+00 9.885680199156759329e+00 9.617264319961265073e+00 6.289839584599913103e+00 6.494612690530515486e+00 8.340838147332679142e+00 7.702631303652016648e+00 4.144623143302658796e+00 6.492376221384583701e+00 8.814994384569963870e+00 6.417415757140874533e+00 3.199034541857902258e+00 8.465880875608869260e+00 1.080436550659037920e+01 7.822171118046445493e+00 1.074713571143493063e+01 1.330544159357365785e+01 1.347563568073877605e+01
2.700854831345068874e+01 2.651081051194021398e+01 2.394589881378437468e+01 2.222129687934527453e+01 2.191053648361901907e+01 2.090450932215343727e+01 1.827999059080720912e+01 1.696489952814339475e+01 1.670478967242628698e+01 1.452835190240104346e+01 1.225680765941931583e+01 1.196323915166791529e+01 1.056947501061429406e+01 8.636465133374882086e+00 7.069540366954560007e+00 7.096594746778203344e+00 4.841886202710674603e+00 2.836291240334815278e+00 3.794410362625530553e+00 3.059799013007226787e+00 1.322337702706837259e+00 0.000000000000000000e+00 1.331392128563179345e+00 3.275155110830630711e+00 3.106210231133752497e+00 3.051959370633888557e+00 5.209073046137864260e+00 6.974464137121933582e+00 7.648551300736629699e+00 9.142801594697326451e+00 1.110332963574440512e+01 1.225095343228436207e+01 2.692602987816808024e+01 2.526517510329188454e+01 2.283379909257327611e+01 2.171078075519164585e+01 2.156077016249651379e+01 1.936901272651758177e+01 1.708487436301479079e+01 1.693378044029152818e+01 1.603089392392077528e+01 1.328349129558942465e+01 1.189668214251351763e+01 1.210255844852649076e+01 1.022022529105890065e+01 7.497318854097108520e+00 7.711650536687977286e+00 8.180417226523351459e+00 5.929809946364216877e+00 3.207682185005238384e+00 5.259699230944673509e+00 6.489965023018227086e+00 4.245600664217020537e+00 4.100072926180705402e+00 6.474172842919779569e+00 7.933112440902373663e+00 4.596217792924960577e+00 7.667741910106260939e+00 1.060540051106038995e+01 9.904332031994888652e+00 7.827051807673178985e+00 1.200414999073237077e+01 1.434645701906920046e+01 1.235631223302486781e+01
2.984605069351722406e+01 2.905728366520174077e+01 2.696730323929331874e+01 2.524479346320741868e+01 2.431568911217611273e+01 2.324730840333994664e+01 2.115942971821310437e+01 1.947251904608132733e+01 1.847802765448736650e+01 1.680208073424241277e+01 1.519012659591749603e+01 1.371276285071684775e+01 1.222067714981457343e+01 1.089101464510997630e+01 9.116180614709211483e+00 8.009047696199591115e+00 6.721565740212618323e+00 4.870835451952775230e+00 3.281096463074501646e+00 3.038262990591829027e+00 3.400595389045864003e+00 1.331392128563179345e+00 0.000000000000000000e+00 1.324302835457208616e+00 3.373718867955657341e+00 3.298231495817114833e+00 3.254956374515639794e+00 5.465358268219934423e+00 7.062881989669655525e+00 7.982935049215921453e+00 9.426866393452279169e+00 1.129421117210051051e+01 3.053266914306707136e+01 2.893442287311084371e+01 2.622901570779963265e+01 2.533821530810723743e+01 2.574043053252994895e+01 2.343549235667985897e+01 2.065757657616207510e+01 2.128966476955426046e+01 2.079200803193380764e+01 1.784249744290299589e+01 1.643706768252780748e+01 1.724057182926366849e+01 1.558582949348542002e+01 1.264578475224056575e+01 1.275905662656922246e+01 1.378569309102737961e+01 1.165672398232024598e+01 8.629043226221547513e+00 1.072410434488586972e+01 1.151835292044830261e+01 8.412911386672272229e+00 8.075348846953920301e+00 1.035303100545922028e+01 1.125255890897710209e+01 6.537599330029334688e+00 9.847310343438962832e+00 1.271242545700858706e+01 1.131801510866635851e+01 8.742245649717236944e+00 1.312015190460842184e+01 1.544352634601307450e+01 1.265249457616955553e+01
3.162701146172366506e+01 3.060719007030864347e+01 2.866183005322584165e+01 2.710649813236671335e+01 2.600491886163077737e+01 2.470959509987972424e+01 2.286656340598647930e+01 2.129852741388474513e+01 1.995922703914157026e+01 1.830543818104336040e+01 1.710891294033610066e+01 1.547008212647884129e+01 1.359689942597208656e+01 1.248672871491969261e+01 1.114189943411804684e+01 9.526206642730357999e+00 7.734944990108203910e+00 6.954478844600793686e+00 5.501992911663918129e+00 2.984209778148982917e+00 3.562082256209140763e+00 3.275155110830630711e+00 1.324302835457208616e+00 0.000000000000000000e+00 1.324482162960302745e+00 3.103600973063387336e+00 3.072748769424536341e+00 3.117561386725207662e+00 5.040338282298125527e+00 7.050003404254497674e+00 7.824682868973028782e+00 8.828274180155485595e+00 3.279870395305278663e+01 3.132268412827993842e+01 2.860071637214704410e+01 2.762926928096362289e+01 2.816753709503193548e+01 2.596671003419571022e+01 2.282822643132838891e+01 2.365427678032029846e+01 2.334052831450051357e+01 2.045705298912822556e+01 1.888114726387144415e+01 1.963309025599383162e+01 1.816079472379994897e+01 1.525194027001155028e+01 1.501466489802553106e+01 1.602853973386222108e+01 1.404187772343855833e+01 1.087343446202716457e+01 1.271400247758352542e+01 1.299482562407053088e+01 9.869335995901648673e+00 9.097886897516367810e+00 1.116263423211564287e+01 1.096285318701294997e+01 7.361466497920099883e+00 8.690065189628903397e+00 1.104672118775521561e+01 1.021093702850037133e+01 6.257763258545340435e+00 1.038175043044283719e+01 1.280534724246086320e+01 1.071698413734013222e+01
3.148112097750015437e+01 3.040803101156008381e+01 2.795043001458117260e+01 2.676688511949046401e+01 2.627327160823333685e+01 2.451810714553633730e+01 2.230910648143488473e+01 2.156976940071450954e+01 2.056978040718956890e+01 1.806487102085149132e+01 1.677287804761007806e+01 1.640119907201909655e+01 1.430605508167782780e+01 1.198534730410429283e+01 1.170649789646758698e+01 1.122349891967741087e+01 8.700210802043820024e+00 7.047021356573287321e+00 7.349961972690744361e+00 4.844760571999405130e+00 2.940340626526117607e+00 3.106210231133752497e+00 3.373718867955657341e+00 1.324482162960302745e+00 0.000000000000000000e+00 1.323999244712774415e+00 3.315339801588972790e+00 2.935379021523454757e+00 2.817227892805266531e+00 5.185604207804525245e+00 6.921212249310087827e+00 7.196321977232536860e+00 3.243331295134679948e+01 3.109057382873464803e+01 2.874859406997148881e+01 2.725655262501111054e+01 2.719161823062393779e+01 2.537669509609160912e+01 2.286805955913181521e+01 2.227160649796057967e+01 2.171566310293102831e+01 1.932789696268065427e+01 1.744187208988759963e+01 1.708275601300914204e+01 1.576104657058026604e+01 1.344681203854653440e+01 1.237114295447271850e+01 1.222068975140110503e+01 1.053131853093429271e+01 7.567378476064217985e+00 7.622336452820749564e+00 7.851000509489222345e+00 5.408374709651689649e+00 3.429077426947372054e+00 5.623927542207490582e+00 6.310288899884061387e+00 3.562023722548742555e+00 3.560680974195808091e+00 6.153319510638141310e+00 7.003290440928464200e+00 3.496146879065580748e+00 6.576402816129804485e+00 9.245085072621019862e+00 7.977830156126413996e+00
